# Live2D Animator Motion Data
$fps=30

$fadein=1000

$fadeout=1000

PARAM_ANGLE_X=0,0.003,0.011,0.025,0.045,0.07,0.1,0.14,0.18,0.23,0.28,0.34,0.4,0.47,0.54,0.62,0.71,0.8,0.89,0.99,1.1,1.21,1.32,1.45,1.57,1.7,1.84,1.98,2.13,2.28,2.44,2.6,2.76,2.93,3.11,3.29,3.48,3.67,3.86,4.07,4.27,4.48,4.7,4.92,5.14,5.35,5.55,5.75,5.94,6.12,6.3,6.47,6.64,6.8,6.95,7.1,7.24,7.37,7.5,7.62,7.74,7.85,7.96,8.06,8.16,8.25,8.33,8.41,8.49,8.56,8.62,8.68,8.74,8.79,8.83,8.87,8.91,8.94,8.97,8.99,9.003,9.015,9.022,9.024,9.02,9.02,9.02,9.02,9.02,9.02,9.02,9.02,9.02,9.02,9.02,9.02,9.02,9.02,8.98,8.87,8.69,8.44,8.14,7.8,7.4,6.98,6.53,6.06,5.59,5.09,4.6,4.11,3.63,3.17,2.73,2.32,1.94,1.6,1.29,1.04,0.83,0.68,0.58,0.51,0.45,0.4,0.37,0.34,0.31,0.296,0.281,0.266,0.251,0.235,0.217,0.19,0.17,0.13,0.09,0.04,-0.03,-0.11,-0.22,-0.34,-0.48,-0.64,-0.81,-1,-1.2,-1.42,-1.65,-1.89,-2.14,-2.4,-2.68,-2.96,-3.25,-3.55,-3.86,-4.29,-4.83,-5.43,-6.09,-6.8,-7.55,-8.3,-9.06,-9.82,-10.57,-11.28,-11.96,-12.6,-13.18,-13.7,-14.14,-14.51,-14.77,-14.94,-15,-14.985,-14.94,-14.87,-14.77,-14.65,-14.51,-14.35,-14.18,-13.99,-13.78,-13.56,-13.33,-13.1,-12.86,-12.61,-12.37,-12.12,-11.88,-11.64,-11.4,-11.18,-10.96,-10.76,-10.56,-10.39,-10.23,-10.09,-9.97,-9.88,-9.81,-9.76,-9.71,-9.66,-9.62,-9.58,-9.55,-9.52,-9.49,-9.46,-9.44,-9.42,-9.4,-9.38,-9.356,-9.337,-9.319,-9.3,-9.28,-9.26,-9.24,-9.22,-9.19,-9.17,-9.14,-9.11,-9.07,-9.03,-8.99,-8.95,-8.9,-8.84,-8.78,-8.7,-8.61,-8.51,-8.4,-8.28,-8.15,-8.02,-7.88,-7.73,-7.57,-7.41,-7.24,-7.06,-6.89,-6.7,-6.51,-6.32,-6.13,-5.93,-5.73,-5.53,-5.33,-5.13,-4.92,-4.72,-4.51,-4.31,-4.11,-3.9,-3.7,-3.49,-3.29,-3.09,-2.89,-2.7,-2.5,-2.32,-2.13,-1.95,-1.78,-1.61,-1.45,-1.3,-1.15,-1.01,-0.88,-0.76,-0.64,-0.53,-0.43,-0.35,-0.27,-0.2,-0.14,-0.09,-0.05,-0.02,-0.006,0
PARAM_ANGLE_Y=0,-0.002,-0.007,-0.017,-0.03,-0.048,-0.07,-0.1,-0.13,-0.16,-0.2,-0.25,-0.3,-0.36,-0.42,-0.49,-0.56,-0.64,-0.72,-0.82,-0.91,-1.02,-1.13,-1.25,-1.37,-1.51,-1.64,-1.79,-1.95,-2.11,-2.28,-2.45,-2.64,-2.84,-3.04,-3.25,-3.47,-3.7,-3.94,-4.18,-4.44,-4.71,-4.99,-5.27,-5.57,-5.88,-6.19,-6.5,-6.82,-7.13,-7.44,-7.75,-8.06,-8.36,-8.66,-8.96,-9.25,-9.53,-9.81,-10.08,-10.34,-10.59,-10.84,-11.07,-11.29,-11.5,-11.69,-11.88,-12.05,-12.2,-12.34,-12.46,-12.57,-12.66,-12.73,-12.78,-12.81,-12.82,-12.821,-12.824,-12.827,-12.83,-12.833,-12.833,-12.832,-12.827,-12.817,-12.803,-12.784,-12.76,-12.72,-12.68,-12.63,-12.57,-12.5,-12.42,-12.33,-12.22,-12.1,-11.96,-11.82,-11.65,-11.43,-11.13,-10.75,-10.3,-9.81,-9.25,-8.65,-8.03,-7.36,-6.68,-6.01,-5.32,-4.64,-3.99,-3.35,-2.74,-2.18,-1.66,-1.19,-0.81,-0.48,-0.24,-0.09,-0.04,-0.039,-0.04,-0.05,-0.08,-0.13,-0.21,-0.32,-0.47,-0.66,-0.9,-1.18,-1.5,-1.87,-2.46,-3.14,-3.89,-4.68,-5.48,-6.25,-7,-7.7,-8.34,-8.9,-9.35,-9.7,-9.92,-10,-9.93,-9.75,-9.46,-9.07,-8.61,-8.07,-7.47,-6.83,-6.15,-5.43,-4.71,-3.97,-3.21,-2.48,-1.77,-1.06,-0.4,0.24,0.82,1.35,1.82,2.23,2.55,2.8,2.95,3,2.983,2.94,2.86,2.75,2.61,2.45,2.26,2.05,1.82,1.57,1.3,1.02,0.72,0.41,0.08,-0.25,-0.59,-0.93,-1.29,-1.64,-2,-2.36,-2.76,-3.12,-3.47,-3.79,-4.07,-4.34,-4.58,-4.79,-4.99,-5.16,-5.32,-5.45,-5.57,-5.67,-5.76,-5.83,-5.88,-5.93,-5.96,-5.98,-5.996,-6,-6,-6,-6,-6,-6,-6,-6,-6,-6,-6,-6.006,-6.03,-6.09,-6.2,-6.36,-6.58,-6.87,-7.21,-7.62,-8.1,-8.76,-9.41,-10.03,-10.64,-11.22,-11.79,-12.32,-12.81,-13.28,-13.73,-14.13,-14.5,-14.84,-15.13,-15.39,-15.61,-15.78,-15.9,-15.97,-16,-15.96,-15.86,-15.68,-15.45,-15.16,-14.82,-14.42,-13.99,-13.51,-12.99,-12.45,-11.87,-11.28,-10.66,-10.03,-9.39,-8.74,-8.08,-7.43,-6.79,-6.14,-5.52,-4.91,-4.32,-3.75,-3.21,-2.71,-2.23,-1.79,-1.39,-1.04,-0.73,-0.48,-0.27,-0.12,-0.03,0
PARAM_ANGLE_Z=0,0.006,0.023,0.05,0.09,0.14,0.2,0.27,0.35,0.44,0.53,0.64,0.75,0.87,1,1.14,1.28,1.43,1.59,1.75,1.92,2.1,2.28,2.47,2.66,2.86,3.06,3.27,3.48,3.69,3.91,4.14,4.37,4.6,4.83,5.06,5.3,5.55,5.79,6.04,6.29,6.54,6.8,7.06,7.31,7.54,7.76,7.98,8.18,8.38,8.56,8.74,8.91,9.07,9.22,9.37,9.5,9.63,9.76,9.87,9.98,10.08,10.18,10.27,10.35,10.43,10.5,10.57,10.63,10.68,10.73,10.78,10.82,10.86,10.89,10.91,10.94,10.958,10.973,10.985,10.993,10.998,11,11,11,11,11,11,11,11,11,11,11,11,11,11,10.95,10.82,10.61,10.33,9.99,9.59,9.14,8.64,8.12,7.54,6.95,6.34,5.71,5.06,4.41,3.75,3.11,2.47,1.85,1.24,0.65,0.09,-0.43,-0.93,-1.37,-1.78,-2.13,-2.43,-2.67,-2.85,-2.96,-3,-3,-3,-3,-3,-3,-3,-2.94,-2.76,-2.49,-2.12,-1.69,-1.21,-0.68,-0.13,0.43,0.99,1.53,2.04,2.52,2.94,3.3,3.6,3.82,3.95,4,3.96,3.86,3.71,3.5,3.25,2.96,2.64,2.29,1.93,1.54,1.15,0.75,0.35,-0.05,-0.43,-0.81,-1.17,-1.51,-1.83,-2.11,-2.37,-2.58,-2.76,-2.89,-2.97,-3,-3,-3,-3,-3,-3,-3,-3,-3,-3,-3,-3,-3,-3,-3,-3,-3,-3,-3,-3,-3,-3,-3,-3,-3,-3,-3,-3,-3,-3,-3,-3,-3,-3,-3,-3,-3,-3,-3,-3,-3,-3,-3,-3,-3,-3,-3,-3,-3,-3,-3,-3,-3,-3,-3,-3,-3,-2.98,-2.91,-2.79,-2.64,-2.46,-2.25,-2,-1.74,-1.45,-1.16,-0.84,-0.52,-0.2,0.12,0.44,0.76,1.07,1.36,1.64,1.9,2.14,2.35,2.54,2.7,2.83,2.92,2.98,3,2.993,2.973,2.94,2.9,2.84,2.78,2.7,2.62,2.53,2.44,2.33,2.23,2.11,2,1.88,1.76,1.64,1.52,1.39,1.27,1.15,1.03,0.92,0.81,0.7,0.6,0.51,0.42,0.34,0.26,0.2,0.14,0.09,0.05,0.02,0.006,0
PARAM_EYE_L_OPEN=1,1,1,1,1,1,1,1,1,1,1,1,1,1,1,1,1,1,1,1,1,1,1,1,1,1,1,1,1,1,1,1,1,1,1,1,1,1,1,1,1,1,1,1,1,1,1,1,1,1,1,1,1,1,1,1,1,1,1,1,1,1,1,1,1,1,1,1,1,1,1,1,1,1,1,1,1,1,1,1,1,1,1,1,1,1,1,1,1,1,1,1,1,1,1,1,1,0.76,0.36,0.09,0,0,0,0.18,0.46,0.73,0.92,1,1,1,1,1,1,1,1,1,1,1,1,1,1,1,1,1,1,1,1,1,1,1,1,1,1,1,1,1,1,1,1,1,1,1,1,1,1,1,1,1,1,1,1,1,1,1,1,1,1,1,1,1,1,1,1,1,1,1,1,1,0.76,0.36,0.09,0,0,0,0.18,0.46,0.73,0.92,1,1,1,1,1,1,1,1,1,1,1,1,1,1,1,1,1,1,1,1,1,1,1,1,1,1,1,1,1,1,1,1,1,1,1,1,1,1,1,1,1,1,1,1,1,1,1,1,1,1,1,1,1,1,1,1,1,1,1,1,1,1,1,1,1,1,1,1,1,1,1,1,1,1,1,1,1,1,1,1,1,1,1,1,1,1,1,1,1,1,1,1,1,1,1,1,1,1,1,1,1,1,1,1,1,1,1,1,1,1,1,1,1,1,1,1,1,1,1,1,1,1
PARAM_EYE_L_SMILE=0
PARAM_EYE_R_OPEN=1,1,1,1,1,1,1,1,1,1,1,1,1,1,1,1,1,1,1,1,1,1,1,1,1,1,1,1,1,1,1,1,1,1,1,1,1,1,1,1,1,1,1,1,1,1,1,1,1,1,1,1,1,1,1,1,1,1,1,1,1,1,1,1,1,1,1,1,1,1,1,1,1,1,1,1,1,1,1,1,1,1,1,1,1,1,1,1,1,1,1,1,1,1,1,1,1,0.76,0.36,0.09,0,0,0,0.18,0.46,0.73,0.92,1,1,1,1,1,1,1,1,1,1,1,1,1,1,1,1,1,1,1,1,1,1,1,1,1,1,1,1,1,1,1,1,1,1,1,1,1,1,1,1,1,1,1,1,1,1,1,1,1,1,1,1,1,1,1,1,1,1,1,1,1,0.76,0.36,0.09,0,0,0,0.18,0.46,0.73,0.92,1,1,1,1,1,1,1,1,1,1,1,1,1,1,1,1,1,1,1,1,1,1,1,1,1,1,1,1,1,1,1,1,1,1,1,1,1,1,1,1,1,1,1,1,1,1,1,1,1,1,1,1,1,1,1,1,1,1,1,1,1,1,1,1,1,1,1,1,1,1,1,1,1,1,1,1,1,1,1,1,1,1,1,1,1,1,1,1,1,1,1,1,1,1,1,1,1,1,1,1,1,1,1,1,1,1,1,1,1,1,1,1,1,1,1,1,1,1,1,1,1,1
PARAM_EYE_R_SMILE=0
PARAM_EYE_BALL_X=0,0,0,-0.002,-0.004,-0.005,-0.008,-0.011,-0.014,-0.018,-0.022,-0.027,-0.032,-0.037,-0.043,-0.049,-0.056,-0.063,-0.071,-0.079,-0.087,-0.096,-0.105,-0.115,-0.125,-0.136,-0.147,-0.158,-0.17,-0.183,-0.195,-0.208,-0.222,-0.236,-0.251,-0.265,-0.279,-0.292,-0.304,-0.315,-0.327,-0.337,-0.347,-0.356,-0.365,-0.373,-0.381,-0.389,-0.395,-0.402,-0.407,-0.413,-0.417,-0.422,-0.426,-0.429,-0.432,-0.434,-0.436,-0.438,-0.439,-0.44,-0.44,-0.44,-0.44,-0.44,-0.44,-0.44,-0.44,-0.44,-0.44,-0.44,-0.44,-0.44,-0.44,-0.44,-0.44,-0.44,-0.44,-0.44,-0.44,-0.44,-0.44,-0.44,-0.44,-0.44,-0.44,-0.44,-0.44,-0.44,-0.44,-0.44,-0.44,-0.44,-0.44,-0.44,-0.44,-0.44,-0.44,-0.44,-0.44,-0.44,-0.44,-0.44,-0.44,-0.44,-0.44,-0.44,-0.44,-0.44,-0.44,-0.44,-0.44,-0.44,-0.44,-0.44,-0.44,-0.44,-0.44,-0.44,-0.44,-0.44,-0.44,-0.44,-0.44,-0.44,-0.44,-0.44,-0.44,-0.44,-0.44,-0.44,-0.44,-0.44,-0.438,-0.43,-0.419,-0.403,-0.384,-0.36,-0.34,-0.31,-0.28,-0.24,-0.21,-0.18,-0.14,-0.11,-0.07,-0.03,0,0.04,0.07,0.11,0.14,0.17,0.2,0.22,0.24,0.262,0.278,0.292,0.303,0.313,0.32,0.326,0.331,0.335,0.337,0.339,0.34,0.34,0.34,0.26,0.15,-0.02,-0.19,-0.33,-0.347,-0.36,-0.369,-0.376,-0.379,-0.38,-0.38,-0.38,-0.38,-0.38,-0.38,-0.38,-0.38,-0.38,-0.38,-0.38,-0.38,-0.38,-0.38,-0.38,-0.38,-0.38,-0.38,-0.38,-0.38,-0.38,-0.38,-0.38,-0.38,-0.38,-0.38,-0.38,-0.38,-0.38,-0.38,-0.38,-0.38,-0.38,-0.38,-0.38,-0.38,-0.38,-0.38,-0.38,-0.38,-0.38,-0.38,-0.379,-0.38,-0.378,-0.377,-0.38,-0.375,-0.374,-0.373,-0.372,-0.371,-0.369,-0.367,-0.366,-0.364,-0.361,-0.359,-0.353,-0.343,-0.33,-0.315,-0.298,-0.281,-0.262,-0.244,-0.225,-0.207,-0.19,-0.17,-0.15,-0.12,-0.09,-0.06,-0.02,0.04,0.13,0.21,0.25,0.275,0.28,0.279,0.277,0.274,0.27,0.265,0.259,0.252,0.245,0.236,0.227,0.218,0.207,0.197,0.186,0.175,0.163,0.152,0.14,0.128,0.117,0.105,0.094,0.083,0.073,0.062,0.053,0.044,0.035,0.028,0.021,0.015,0.01,0.006,0.003,0.001,0
PARAM_EYE_BALL_Y=-1
PARAM_BROW_L_Y=0
PARAM_BROW_R_Y=0
PARAM_BROW_L_X=0
PARAM_BROW_R_X=0
PARAM_BROW_L_ANGLE=0
PARAM_BROW_R_ANGLE=0
PARAM_BROW_L_FORM=0
PARAM_BROW_R_FORM=0
PARAM_MOUTH_OPEN_Y=0
PARAM_BODY_ANGLE_X=0,0,0,0,0,0,0,0,0,0,0.005,0.021,0.05,0.08,0.13,0.19,0.25,0.33,0.41,0.51,0.61,0.72,0.84,0.97,1.11,1.25,1.41,1.57,1.74,1.91,2.09,2.28,2.48,2.68,2.89,3.1,3.33,3.55,3.79,4.03,4.27,4.52,4.77,5.03,5.29,5.56,5.83,6.09,6.35,6.59,6.82,7.04,7.26,7.46,7.65,7.84,8.01,8.18,8.34,8.49,8.63,8.77,8.89,9.01,9.12,9.23,9.32,9.41,9.49,9.57,9.64,9.7,9.75,9.8,9.85,9.88,9.91,9.94,9.96,9.98,9.991,9.998,10,10,10,10,10,10,10,10,10,10,10,10,10,10,10,10,10,10,9.981,9.93,9.84,9.73,9.59,9.43,9.26,9.07,8.88,8.67,8.47,8.27,8.07,7.88,7.71,7.55,7.38,7.23,7.07,6.92,6.78,6.65,6.53,6.42,6.31,6.22,6.14,6.08,6.03,6,5.98,5.962,5.952,5.945,5.94,5.934,5.927,5.918,5.906,5.89,5.83,5.72,5.58,5.42,5.24,5.06,4.89,4.72,4.57,4.44,4.33,4.22,4.1,3.99,3.87,3.75,3.62,3.5,3.38,3.26,3.14,3.03,2.91,2.81,2.7,2.6,2.51,2.42,2.34,2.27,2.21,2.15,2.1,2.06,2.03,2.015,2.008,2.007,2.006,2.005,2,2.003,2.003,2,2.002,2,2.001,2,2,2,2,2,2,2,2,2,2,2,2,2,2,2,2,2,2,2,2,2,2,2,2,2,2,2,2,2,2,2,2,2,2,2,2,2,2,2,2,2,2,2,2,2.004,2.016,2.034,2.06,2.09,2.13,2.17,2.21,2.26,2.31,2.36,2.42,2.47,2.53,2.58,2.64,2.69,2.74,2.79,2.83,2.87,2.91,2.94,2.97,2.984,2.996,3,2.995,2.98,2.96,2.92,2.88,2.83,2.78,2.72,2.65,2.57,2.49,2.41,2.32,2.22,2.13,2.03,1.92,1.82,1.71,1.61,1.5,1.39,1.29,1.18,1.08,0.97,0.87,0.78,0.68,0.59,0.51,0.43,0.35,0.28,0.22,0.17,0.12,0.08,0.04,0.02,0.005,0
PARAM_BODY_ANGLE_Y=0
PARAM_BODY_ANGLE_Z=0,0,0,0,0,0,0,0,0,0,-0.007,-0.027,-0.06,-0.1,-0.15,-0.22,-0.29,-0.36,-0.44,-0.53,-0.62,-0.71,-0.81,-0.91,-1.01,-1.11,-1.22,-1.32,-1.41,-1.51,-1.6,-1.69,-1.78,-1.86,-1.94,-2.01,-2.07,-2.12,-2.17,-2.21,-2.26,-2.3,-2.34,-2.38,-2.42,-2.46,-2.49,-2.53,-2.56,-2.59,-2.63,-2.66,-2.69,-2.71,-2.74,-2.77,-2.79,-2.81,-2.83,-2.853,-2.871,-2.887,-2.902,-2.916,-2.927,-2.937,-2.946,-2.952,-2.957,-2.961,-2.965,-2.968,-2.971,-2.974,-2.976,-2.979,-2.981,-2.983,-2.984,-2.986,-2.987,-2.988,-2.99,-2.99,-2.99,-2.991,-2.99,-2.99,-2.992,-2.99,-2.99,-2.99,-2.99,-2.99,-2.99,-2.99,-2.99,-2.99,-2.99,-2.99,-2.99,-2.982,-2.95,-2.9,-2.84,-2.77,-2.68,-2.59,-2.48,-2.38,-2.27,-2.16,-2.05,-1.94,-1.83,-1.73,-1.64,-1.53,-1.44,-1.36,-1.29,-1.23,-1.18,-1.14,-1.11,-1.08,-1.05,-1.037,-1.024,-1.014,-1.007,-1.003,-1.001,-1,-1.007,-1.03,-1.07,-1.12,-1.18,-1.25,-1.34,-1.44,-1.55,-1.67,-1.8,-1.94,-2.09,-2.24,-2.41,-2.58,-2.75,-2.94,-3.12,-3.32,-3.51,-3.71,-3.94,-4.16,-4.36,-4.54,-4.71,-4.87,-5.01,-5.14,-5.27,-5.37,-5.47,-5.56,-5.64,-5.72,-5.78,-5.83,-5.88,-5.92,-5.95,-5.97,-5.987,-5.997,-6,-6,-6,-6,-6,-6,-6,-6,-6,-6,-6,-6,-6,-6,-6,-6,-6,-6,-6,-5.97,-5.9,-5.8,-5.68,-5.54,-5.38,-5.21,-5.03,-4.8,-4.56,-4.3,-4.06,-3.83,-3.62,-3.45,-3.34,-3.28,-3.26,-3.238,-3.219,-3.201,-3.185,-3.169,-3.154,-3.139,-3.126,-3.112,-3.099,-3.085,-3.072,-3.059,-3.045,-3.03,-3.016,-3,-2.983,-2.967,-2.953,-2.939,-2.926,-2.913,-2.9,-2.886,-2.872,-2.858,-2.843,-2.826,-2.808,-2.789,-2.77,-2.74,-2.72,-2.68,-2.63,-2.56,-2.49,-2.4,-2.32,-2.22,-2.13,-2.03,-1.93,-1.83,-1.73,-1.63,-1.54,-1.45,-1.37,-1.29,-1.21,-1.13,-1.06,-0.99,-0.92,-0.85,-0.79,-0.73,-0.67,-0.62,-0.56,-0.51,-0.46,-0.42,-0.38,-0.34,-0.3,-0.26,-0.23,-0.2,-0.17,-0.14,-0.12,-0.1,-0.08,-0.062,-0.047,-0.035,-0.024,-0.015,-0.009,-0.004,-0.001,0
PARAM_BREATH=0
PARAM_HAIR_FRONT=0
PARAM_HAIR_SIDE=0
PARAM_HAIR_BACK=0
PARAM_ARM_L=0,0.002,0.009,0.02,0.035,0.055,0.08,0.11,0.14,0.17,0.21,0.25,0.3,0.34,0.4,0.45,0.51,0.57,0.63,0.7,0.76,0.83,0.9,0.98,1.05,1.13,1.21,1.29,1.38,1.46,1.54,1.63,1.72,1.81,1.9,1.99,2.08,2.17,2.26,2.35,2.44,2.53,2.63,2.72,2.81,2.9,2.99,3.08,3.17,3.26,3.34,3.43,3.51,3.6,3.68,3.76,3.84,3.92,3.99,4.07,4.14,4.21,4.27,4.34,4.4,4.46,4.52,4.57,4.63,4.67,4.72,4.76,4.8,4.84,4.87,4.9,4.93,4.95,4.967,4.981,4.992,4.998,5,4.998,4.992,4.981,4.967,4.949,4.93,4.9,4.87,4.84,4.8,4.77,4.72,4.68,4.63,4.58,4.53,4.47,4.41,4.35,4.28,4.22,4.15,4.08,4.01,3.94,3.86,3.78,3.7,3.62,3.54,3.46,3.38,3.29,3.21,3.12,3.03,2.94,2.86,2.77,2.68,2.59,2.5,2.41,2.32,2.23,2.14,2.06,1.97,1.88,1.79,1.71,1.62,1.54,1.46,1.38,1.3,1.22,1.14,1.06,0.99,0.92,0.85,0.78,0.72,0.65,0.59,0.53,0.47,0.42,0.37,0.32,0.28,0.23,0.2,0.16,0.13,0.1,0.07,0.05,0.033,0.019,0.008,0.002,0,0,0,0,0,0,0,0,0,0,0,0,0,0,0,0,0,0,0,0,0,0,0,0,0,0,0,0,0,0,0,0,0,0,0,0,0,0,0,0,0,0,0,0,0,0,0,0,0,0,0,0,0,0,0,0,0,0,0,0,0,0,0,0,0,0,0,0,0,0,0,0,0,0,0,0,0.03,0.1,0.22,0.38,0.57,0.79,1.03,1.28,1.55,1.83,2.11,2.37,2.64,2.89,3.13,3.34,3.53,3.69,3.82,3.92,3.98,4,3.984,3.94,3.86,3.76,3.64,3.5,3.33,3.15,2.96,2.76,2.55,2.33,2.11,1.89,1.67,1.45,1.24,1.04,0.85,0.67,0.5,0.36,0.24,0.14,0.06,0.02,0,0,0,0,0,0,0,0,0,0
PARAM_ARM_R=0
PARAM_HAND_R=0
PARAM_ARMU_R=0
PARAM_BOW=0
PARAM_SKIRT2=0
PARAM_SKIRT=0
PARAM_ANGLE_CY=30,30,30,30,30,30,30,30,30,30,30,30,30,30,30,30,30,30,30,30,30,30,30,30,30,30,30,30,30,30,30,30,30,30,30,30,30,30,30,30,30,30,30,30,30,30,30,30,30,30,30,30,30,30,30,30,30,30,30,30,30,30,30,30,30,30,30,30,30,30,30,30,30,30,30,30,30,30,30,30,30,30,30,30,30,30,30,30,30,30,30,29.46,27.93,25.54,22.4,18.71,14.47,9.85,4.99,0,-4.99,-9.85,-14.47,-18.71,-22.4,-25.54,-27.93,-29.46,-30,-30,-30,-30,-30,-30,-30,-30,-30,-30,-30,-30,-30,-30,-30,-30,-30,-30,-30,-30,-30,-30,-30,-30,-30,-30,-30,-30,-30,-30,-30,-30,-30,-30,-30,-30,-30,-30,-30,-30,-30,-30,-30,-30,-30,-30,-30,-30,-30,-30,-30,-30,-30,-30,-30,-30,-30,-30,-30,-30,-30,-30,-30,-30,-30,-30,-30,-30,-30,-30,-30,-30,-30,-30,-30,-30,-30,-30,-30,-30,-30,-30,-30,-30,-30,-30,-30,-30,-30,-30,-30,-30,-30,-30,-30,-30,-30,-30,-30,-30,-30,-30,-30,-30,-30,-30,-30,-30,-30,-30,-30,-30,-30,-30,-30,-30,-30,-30,-30,-30,-30,-28.8,-25.59,-20.63,-14.39,-7.49,0,7.49,14.39,20.63,25.59,28.8,30,30,30,30,30,30,30,30,30,30,30,30,30,30,30,30,30,30,30,30,30,30,30,30,30,30,30,30,30,30,30,30,30,30,30,30,30,30,30,30,30,30,30,30,30,30,30,30,30,30,30,30,30,30,30,30,30,30,30,30
PARAM_ANGLE_CZ=0,0.05,0.18,0.39,0.68,1.04,1.46,1.93,2.45,3.02,3.62,4.27,4.93,5.61,6.3,7,7.7,8.39,9.07,9.73,10.38,10.98,11.55,12.07,12.54,12.96,13.32,13.61,13.82,13.95,14,13.92,13.67,13.27,12.74,12.07,11.29,10.41,9.44,8.39,7.27,6.08,4.85,3.57,2.29,1,-0.29,-1.57,-2.85,-4.08,-5.27,-6.39,-7.44,-8.41,-9.29,-10.07,-10.74,-11.27,-11.67,-11.92,-12,-11.96,-11.85,-11.66,-11.42,-11.11,-10.75,-10.34,-9.9,-9.41,-8.89,-8.34,-7.78,-7.19,-6.6,-6,-5.4,-4.81,-4.22,-3.66,-3.11,-2.59,-2.1,-1.66,-1.25,-0.89,-0.58,-0.34,-0.15,-0.04,0,0,0,0,0,0,0,0,0,0,0,0,0,0,0,0,0,0,0,0,0,0,0,0,0,0,0,0,0,0,0,0,0,0,0,0,0,0,0,0,0,0,0,0,0,0,0,0,0,0.05,0.18,0.39,0.68,1.04,1.46,1.93,2.45,3.02,3.62,4.27,4.93,5.61,6.3,7,7.7,8.39,9.07,9.73,10.38,10.98,11.55,12.07,12.54,12.96,13.32,13.61,13.82,13.95,14,13.92,13.67,13.27,12.74,12.07,11.29,10.41,9.44,8.39,7.27,6.08,4.85,3.57,2.29,1,-0.29,-1.57,-2.85,-4.08,-5.27,-6.39,-7.44,-8.41,-9.29,-10.07,-10.74,-11.27,-11.67,-11.92,-12,-11.987,-11.95,-11.88,-11.79,-11.67,-11.53,-11.36,-11.17,-10.94,-10.7,-10.42,-10.12,-9.78,-9.43,-9.05,-8.64,-8.2,-7.73,-7.24,-6.72,-6.17,-5.6,-5,-4.37,-3.72,-3.02,-2.31,-1.56,-0.8,0,0.82,1.62,2.4,3.15,3.88,4.58,5.25,5.91,6.52,7.13,7.7,8.25,8.77,9.27,9.74,10.19,10.61,11,11.37,11.72,12.04,12.34,12.6,12.85,13.07,13.27,13.44,13.59,13.72,13.82,13.9,13.96,13.99,14,13.95,13.82,13.61,13.32,12.96,12.54,12.07,11.55,10.98,10.38,9.73,9.07,8.39,7.7,7,6.3,5.61,4.93,4.27,3.62,3.02,2.45,1.93,1.46,1.04,0.68,0.39,0.18,0.05,0,0,0,0,0,0,0,0
PARAM_BODY_ANGLE_CY=0
PARAM_BODY_ANGLE_CZ=0,0.003,0.013,0.028,0.049,0.07,0.1,0.14,0.18,0.22,0.26,0.3,0.35,0.4,0.45,0.5,0.55,0.6,0.65,0.7,0.74,0.78,0.82,0.86,0.9,0.93,0.95,0.972,0.987,0.997,1,0.995,0.981,0.96,0.93,0.89,0.84,0.79,0.74,0.67,0.61,0.54,0.47,0.39,0.32,0.24,0.17,0.1,0.02,-0.05,-0.12,-0.18,-0.25,-0.3,-0.35,-0.4,-0.44,-0.47,-0.49,-0.505,-0.51,-0.508,-0.504,-0.496,-0.485,-0.472,-0.457,-0.44,-0.421,-0.4,-0.38,-0.35,-0.33,-0.31,-0.28,-0.26,-0.23,-0.2,-0.18,-0.16,-0.13,-0.11,-0.09,-0.07,-0.053,-0.038,-0.025,-0.014,-0.006,-0.002,0,0,0,0,0,0,0,0,0,0,0,0,0,0,0,0,0,0,0,0,0,0,0,0,0,0,0,0,0,0,0,0,0,0,0,0,0,0,0,0,0,0,0,0,0,0,0,0,0,0.003,0.013,0.028,0.049,0.07,0.1,0.14,0.18,0.22,0.26,0.3,0.35,0.4,0.45,0.5,0.55,0.6,0.65,0.7,0.74,0.78,0.82,0.86,0.9,0.93,0.95,0.972,0.987,0.997,1,0.995,0.981,0.96,0.93,0.89,0.84,0.79,0.74,0.67,0.61,0.54,0.47,0.39,0.32,0.24,0.17,0.1,0.02,-0.05,-0.12,-0.18,-0.25,-0.3,-0.35,-0.4,-0.44,-0.47,-0.49,-0.505,-0.51,-0.508,-0.504,-0.496,-0.485,-0.472,-0.457,-0.44,-0.421,-0.4,-0.38,-0.35,-0.33,-0.31,-0.28,-0.26,-0.23,-0.2,-0.18,-0.16,-0.13,-0.11,-0.09,-0.07,-0.053,-0.038,-0.025,-0.014,-0.006,-0.002,0,0,0,0,0,0,0,0,0,0,0,0,0,0,0,0,0,0,0,0,0,0,0,0,0,0,0,0,0,0,0,0,0,0,0,0,0,0,0,0,0,0,0,0,0,0,0,0,0,0,0,0,0,0,0,0,0,0,0,0,0,0,0,0,0,0,0,0,0,0,0,0
PARAM_MOUTH_C=0,0.003,0.013,0.028,0.049,0.07,0.1,0.14,0.18,0.22,0.26,0.3,0.35,0.4,0.45,0.5,0.55,0.6,0.65,0.7,0.74,0.78,0.82,0.86,0.9,0.93,0.95,0.972,0.987,0.997,1,0.997,0.987,0.972,0.951,0.93,0.9,0.86,0.82,0.78,0.74,0.7,0.65,0.6,0.55,0.5,0.45,0.4,0.35,0.3,0.26,0.22,0.18,0.14,0.1,0.07,0.05,0.028,0.013,0.003,0,0,0,0,0,0,0,0,0,0,0,0,0,0,0,0,0,0,0,0,0,0,0,0,0,0,0,0,0,0,0,0.07,0.21,0.38,0.57,0.73,0.87,0.97,1,1,1,1,1,1,1,1,1,1,1,0.997,0.987,0.972,0.951,0.93,0.9,0.86,0.82,0.78,0.74,0.7,0.65,0.6,0.55,0.5,0.45,0.4,0.35,0.3,0.26,0.22,0.18,0.14,0.1,0.07,0.05,0.028,0.013,0.003,0,0.02,0.07,0.16,0.26,0.38,0.5,0.62,0.74,0.84,0.93,0.98,1,1,1,1,1,1,1,1,1,1,1,1,1,1,1,1,1,1,1,0.997,0.987,0.972,0.951,0.93,0.9,0.86,0.82,0.78,0.74,0.7,0.65,0.6,0.55,0.5,0.45,0.4,0.35,0.3,0.26,0.22,0.18,0.14,0.1,0.07,0.05,0.028,0.013,0.003,0,0,0,0,0,0,0,0,0,0,0,0,0,0,0,0,0,0,0,0,0,0,0,0,0,0,0,0,0,0,0,0.07,0.25,0.47,0.68,0.85,0.96,1,1,1,1,1,1,1,1,1,1,1,1,1,1,1,1,1,1,1,1,1,1,1,1,1,1,1,1,1,1,1,1,1,1,1,1,1,1,1,1,1,1,1,1,1,1,1,1,1,1,1,1,1,1,1,1,1,1,1,1,1,1,1,1,1
PARAM_LEG_C=0
PARAM_TAIL=0
PARAM_HAMMER=0
VISIBLE:PSD=1
VISIBLE:PARTS_01_FACE_001=1
VISIBLE:PARTS_01_EYE_001=1
VISIBLE:PARTS_01_EYE_BALL_001=1
VISIBLE:PARTS_01_BROW_001=1
VISIBLE:PARTS_01_MOUTH_001=1
VISIBLE:PARTS_01_NOSE_001=1
VISIBLE:PARTS_01_EAR_001=1
VISIBLE:PARTS_01_HAIR_FRONT_001=1
VISIBLE:PARTS_01_HAIR_SIDE_001=1
VISIBLE:PARTS_01_HAIR_BACK_001=1
VISIBLE:PARTS_01_NECK=1
VISIBLE:PARTS_01_BODY=1
VISIBLE:PARTS_01_CAT=1
VISIBLE:PARTS_01_HAMMER=1
LAYOUT:X=540
LAYOUT:Y=960
LAYOUT:SCALE_X=1
LAYOUT:SCALE_Y=1