# Live2D Animator Motion Data
$fps=30

$fadein=1000

$fadeout=1000

PARAM_ANGLE_X=0,0,0,0,0,0,0,0,0,0,0,0,0,0,0,0,-0.38,-1.45,-3.13,-5.26,-7.8,-10.58,-13.51,-16.49,-19.42,-22.2,-24.74,-26.87,-28.55,-29.62,-30,-30,-30,-30,-30,-30,-30,-30,-30,-30,-30,-30,-30,-30,-30,-30,-30,-30,-30,-30,-30,-30,-30,-30,-30,-30,-30,-30,-30,-30,-30,-30,-30,-30,-30,-30,-30,-30,-30,-30,-30,-30,-30,-30,-30,-30,-30,-30,-30,-30,-30,-30,-30,-30,-30,-30,-30,-30,-30,-30,-30,-30,-30,-30,-30,-30,-29.8,-29.23,-28.34,-27.15,-25.7,-24.04,-22.24,-20.26,-18.19,-16.05,-13.95,-11.81,-9.74,-7.76,-5.96,-4.3,-2.85,-1.66,-0.77,-0.2,0,0,0,0,0,0,0,0,0,0,0,0,0,0,0,0,0,0,0,0
PARAM_ANGLE_Y=0,0,0,0,0,0,0,0,-0.07,-0.21,-0.38,-0.57,-0.73,-0.87,-0.97,-1,-0.987,-0.95,-0.9,-0.82,-0.74,-0.65,-0.55,-0.45,-0.35,-0.26,-0.18,-0.1,-0.05,-0.01,0,0,0,0,0,0,0,0,0,0,0,0,0,0,0,0,0,0,0,0,0,0,0,0,0,0,0,0,0,0,0,0,0,0,0,0,0,0,0,0,0,0,0,0,0,0,0,0,0,0,0,0,0,0,0,0,0,0,0,0,0,0,0,0,0,0,0,0,0,0,0,0,0,0,0,0,0,0,0,0,0,0,0,0,0,0,0,0,0,0,0,0,0,0,0,0,0,0,0,0,0,0,0,0,0,0
PARAM_ANGLE_Z=0,0,0,0,0,0,0,0,0,0,0,0,0,0,0,0,-0.15,-0.58,-1.25,-2.1,-3.12,-4.23,-5.4,-6.6,-7.77,-8.88,-9.9,-10.75,-11.42,-11.85,-12,-12,-12,-12,-12,-12,-12,-12,-12,-12,-12,-12,-12,-12,-12,-12,-12,-12,-12,-12,-12,-12,-12,-12,-12,-12,-12,-12,-12,-12,-12,-12,-12,-12,-12,-12,-12,-12,-12,-12,-12,-12,-12,-12,-12,-12,-12,-12,-12,-12,-12,-12,-12,-12,-12,-12,-12,-12,-12,-12,-12,-12,-12,-12,-12,-12,-11.92,-11.69,-11.34,-10.86,-10.28,-9.61,-8.89,-8.1,-7.27,-6.42,-5.58,-4.73,-3.9,-3.11,-2.39,-1.72,-1.14,-0.66,-0.31,-0.08,0,0,0,0,0,0,0,0,0,0,0,0,0,0,0,0,0,0,0,0
PARAM_EYE_L_OPEN=1,1,1,1,1,1,1,1,1,1,1,1,1,0.996,0.985,0.971,0.954,0.937,0.918,0.899,0.88,0.85,0.83,0.81,0.791,0.776,0.764,0.756,0.752,0.75,0.75,0.75,0.75,0.75,0.75,0.75,0.42,0.04,0,0.08,0.42,0.75,0.75,0.75,0.75,0.75,0.75,0.75,0.75,0.75,0.75,0.75,0.75,0.75,0.75,0.75,0.75,0.75,0.75,0.75,0.75,0.75,0.75,0.75,0.75,0.75,0.75,0.75,0.75,0.75,0.75,0.75,0.75,0.75,0.75,0.75,0.75,0.75,0.75,0.75,0.75,0.75,0.75,0.75,0.75,0.75,0.75,0.75,0.75,0.75,0.75,0.75,0.75,0.75,0.75,0.75,0.42,0.04,0,0.11,0.45,0.8,0.817,0.83,0.848,0.87,0.891,0.91,0.928,0.944,0.958,0.97,0.981,0.989,0.995,0.999,1,1,1,1,1,1,1,1,1,1,1,1,1,1,1,1,1,1,1,1
PARAM_EYE_L_SMILE=0
PARAM_EYE_R_OPEN=1,1,1,1,1,1,1,1,1,1,1,1,1,0.996,0.985,0.971,0.954,0.937,0.918,0.899,0.88,0.85,0.83,0.81,0.791,0.776,0.764,0.756,0.752,0.75,0.75,0.75,0.75,0.75,0.75,0.75,0.42,0.04,0,0.08,0.42,0.75,0.75,0.75,0.75,0.75,0.75,0.75,0.75,0.75,0.75,0.75,0.75,0.75,0.75,0.75,0.75,0.75,0.75,0.75,0.75,0.75,0.75,0.75,0.75,0.75,0.75,0.75,0.75,0.75,0.75,0.75,0.75,0.75,0.75,0.75,0.75,0.75,0.75,0.75,0.75,0.75,0.75,0.75,0.75,0.75,0.75,0.75,0.75,0.75,0.75,0.75,0.75,0.75,0.75,0.75,0.42,0.04,0,0.11,0.45,0.8,0.817,0.83,0.848,0.87,0.891,0.91,0.928,0.944,0.958,0.97,0.981,0.989,0.995,0.999,1,1,1,1,1,1,1,1,1,1,1,1,1,1,1,1,1,1,1,1
PARAM_EYE_R_SMILE=0
PARAM_EYE_BALL_X=0,0,0,0,0,0,0,0,0,0,0,0,0,-0.013,-0.05,-0.1,-0.16,-0.24,-0.32,-0.4,-0.49,-0.58,-0.66,-0.74,-0.81,-0.87,-0.93,-0.97,-0.99,-1,-1,-1,-1,-1,-1,-1,-1,-1,-1,-1,-1,-1,-1,-1,-1,-1,-1,-1,-1,-1,-1,-1,-1,-1,-1,-1,-1,-1,-1,-1,-1,-1,-1,-1,-1,-1,-1,-1,-1,-1,-1,-1,-1,-1,-1,-1,-1,-1,-1,-1,-1,-1,-1,-1,-1,-1,-1,-1,-1,-1,-1,-1,-1,-1,-1,-1,-0.993,-0.974,-0.94,-0.91,-0.86,-0.8,-0.74,-0.68,-0.61,-0.54,-0.46,-0.39,-0.32,-0.26,-0.2,-0.14,-0.09,-0.06,-0.03,-0.007,0,0,0,0,0,0,0,0,0,0,0,0,0,0,0,0,0,0,0,0
PARAM_EYE_BALL_Y=0,-0.007,-0.024,-0.05,-0.065,-0.079,-0.091,-0.105,-0.124,-0.15,-0.18,-0.23,-0.28,-0.34,-0.4,-0.45,-0.51,-0.56,-0.62,-0.67,-0.72,-0.77,-0.81,-0.85,-0.89,-0.92,-0.95,-0.97,-0.986,-0.996,-1,-1,-1,-1,-1,-1,-1,-1,-1,-1,-1,-1,-1,-1,-1,-1,-1,-1,-1,-1,-1,-1,-1,-1,-1,-1,-1,-1,-1,-1,-1,-1,-1,-1,-1,-1,-1,-1,-1,-1,-1,-1,-1,-1,-1,-1,-1,-1,-1,-1,-1,-1,-1,-1,-1,-1,-1,-1,-1,-1,-1,-1,-1,-1,-1,-1,-0.993,-0.974,-0.94,-0.91,-0.86,-0.8,-0.74,-0.68,-0.61,-0.54,-0.46,-0.39,-0.32,-0.26,-0.2,-0.14,-0.09,-0.06,-0.03,-0.007,0,0,0,0,0,0,0,0,0,0,0,0,0,0,0,0,0,0,0,0
PARAM_BROW_L_Y=-0.4,-0.4,-0.4,-0.4,-0.4,-0.4,-0.4,-0.4,-0.4,-0.4,-0.4,-0.4,-0.4,-0.403,-0.411,-0.422,-0.437,-0.454,-0.473,-0.493,-0.512,-0.532,-0.551,-0.57,-0.586,-0.601,-0.613,-0.622,-0.628,-0.63,-0.63,-0.63,-0.63,-0.63,-0.63,-0.63,-0.63,-0.63,-0.63,-0.63,-0.63,-0.63,-0.63,-0.63,-0.63,-0.63,-0.63,-0.63,-0.63,-0.63,-0.63,-0.63,-0.63,-0.63,-0.63,-0.63,-0.63,-0.63,-0.63,-0.63,-0.63,-0.63,-0.63,-0.63,-0.63,-0.63,-0.63,-0.63,-0.63,-0.63,-0.63,-0.63,-0.63,-0.63,-0.63,-0.63,-0.63,-0.63,-0.63,-0.63,-0.63,-0.63,-0.63,-0.63,-0.63,-0.63,-0.63,-0.63,-0.63,-0.63,-0.63,-0.63,-0.63,-0.63,-0.63,-0.63,-0.628,-0.624,-0.617,-0.608,-0.597,-0.584,-0.57,-0.555,-0.539,-0.523,-0.507,-0.491,-0.475,-0.46,-0.446,-0.433,-0.422,-0.413,-0.406,-0.402,-0.4,-0.4,-0.4,-0.4,-0.4,-0.4,-0.4,-0.4,-0.4,-0.4,-0.4,-0.4,-0.4,-0.4,-0.4,-0.4,-0.4,-0.4,-0.4,-0.4
PARAM_BROW_R_Y=-0.24,-0.24,-0.24,-0.24,-0.24,-0.24,-0.24,-0.24,-0.24,-0.24,-0.24,-0.24,-0.24,-0.247,-0.266,-0.3,-0.33,-0.37,-0.42,-0.47,-0.51,-0.56,-0.61,-0.66,-0.7,-0.73,-0.76,-0.78,-0.798,-0.803,-0.803,-0.8,-0.8,-0.8,-0.8,-0.8,-0.8,-0.802,-0.8,-0.8,-0.8,-0.801,-0.8,-0.8,-0.8,-0.8,-0.8,-0.8,-0.8,-0.8,-0.8,-0.8,-0.8,-0.8,-0.8,-0.8,-0.8,-0.8,-0.8,-0.8,-0.8,-0.8,-0.8,-0.8,-0.8,-0.8,-0.8,-0.8,-0.8,-0.8,-0.8,-0.8,-0.8,-0.8,-0.8,-0.8,-0.8,-0.8,-0.8,-0.8,-0.8,-0.8,-0.8,-0.8,-0.8,-0.801,-0.8,-0.8,-0.8,-0.8,-0.8,-0.8,-0.8,-0.801,-0.8,-0.8,-0.796,-0.785,-0.768,-0.75,-0.72,-0.69,-0.65,-0.62,-0.58,-0.54,-0.5,-0.46,-0.42,-0.38,-0.35,-0.32,-0.29,-0.27,-0.254,-0.244,-0.24,-0.24,-0.24,-0.24,-0.24,-0.24,-0.24,-0.24,-0.24,-0.24,-0.24,-0.24,-0.24,-0.24,-0.24,-0.24,-0.24,-0.24,-0.24,-0.24
PARAM_BROW_L_X=0
PARAM_BROW_R_X=0
PARAM_BROW_L_ANGLE=0.4,0.4,0.4,0.4,0.4,0.4,0.4,0.401,0.402,0.404,0.405,0.405,0.401,0.395,0.384,0.368,0.34,0.32,0.28,0.25,0.21,0.16,0.12,0.08,0.04,-0.01,-0.05,-0.08,-0.12,-0.15,-0.17,-0.188,-0.2,-0.204,-0.204,-0.2,-0.2,-0.2,-0.2,-0.203,-0.2,-0.2,-0.2,-0.202,-0.2,-0.2,-0.201,-0.2,-0.2,-0.2,-0.2,-0.2,-0.2,-0.2,-0.2,-0.2,-0.2,-0.2,-0.2,-0.2,-0.2,-0.201,-0.2,-0.2,-0.2,-0.202,-0.2,-0.2,-0.2,-0.2,-0.2,-0.2,-0.2,-0.203,-0.202,-0.201,-0.2,-0.2,-0.2,-0.2,-0.201,-0.2,-0.202,-0.201,-0.2,-0.2,-0.2,-0.2,-0.2,-0.2,-0.2,-0.2,-0.2,-0.2,-0.2,-0.2,-0.189,-0.172,-0.152,-0.13,-0.11,-0.07,-0.03,0.01,0.05,0.08,0.13,0.17,0.22,0.26,0.29,0.32,0.34,0.36,0.377,0.386,0.393,0.397,0.399,0.4,0.4,0.4,0.4,0.4,0.4,0.4,0.4,0.4,0.4,0.4,0.4,0.4,0.4,0.4,0.4,0.4
PARAM_BROW_R_ANGLE=0.36,0.36,0.36,0.36,0.36,0.36,0.36,0.36,0.36,0.36,0.36,0.36,0.36,0.358,0.351,0.34,0.326,0.309,0.289,0.27,0.24,0.22,0.2,0.17,0.15,0.12,0.1,0.08,0.059,0.042,0.028,0.016,0.007,0.002,0,0,0,0,0,0,0,0,0,0,0,0,0,0,0,0,0,0,0,0,0,0,0,0,0,0,0,0,0,0,0,0,0,0.001,0,0.003,0.003,0,0.005,0.005,0.01,0.007,0.007,0.01,0.008,0.01,0.009,0.01,0.01,0.01,0.01,0.01,0.01,0.01,0.01,0.01,0.01,0.01,0.01,0.01,0.01,0.01,0.012,0.019,0.029,0.043,0.06,0.08,0.1,0.12,0.15,0.17,0.2,0.22,0.25,0.27,0.29,0.31,0.327,0.341,0.351,0.358,0.36,0.36,0.36,0.36,0.36,0.36,0.36,0.36,0.36,0.36,0.36,0.36,0.36,0.36,0.36,0.36,0.36,0.36,0.36,0.36
PARAM_BROW_L_FORM=0,0,0,0,0,0,0,0,0,0,0,0,-0.003,-0.011,-0.022,-0.038,-0.056,-0.08,-0.1,-0.13,-0.16,-0.19,-0.22,-0.27,-0.3,-0.33,-0.35,-0.38,-0.41,-0.43,-0.448,-0.46,-0.468,-0.47,-0.47,-0.47,-0.47,-0.47,-0.47,-0.47,-0.47,-0.47,-0.47,-0.47,-0.47,-0.47,-0.47,-0.47,-0.47,-0.47,-0.47,-0.47,-0.47,-0.47,-0.47,-0.47,-0.47,-0.47,-0.47,-0.47,-0.47,-0.47,-0.47,-0.47,-0.47,-0.47,-0.47,-0.47,-0.47,-0.47,-0.47,-0.47,-0.47,-0.47,-0.47,-0.47,-0.47,-0.47,-0.47,-0.47,-0.47,-0.47,-0.47,-0.47,-0.47,-0.47,-0.47,-0.47,-0.47,-0.47,-0.47,-0.47,-0.47,-0.47,-0.47,-0.47,-0.467,-0.46,-0.447,-0.429,-0.41,-0.38,-0.35,-0.32,-0.28,-0.24,-0.22,-0.18,-0.14,-0.1,-0.07,-0.05,-0.031,-0.017,-0.007,-0.002,0,0,0,0,0,0,0,0,0,0,0,0,0,0,0,0,0,0,0,0
PARAM_BROW_R_FORM=0,0,0,0,0,0,0,0,0,0,0.001,0.002,-0.001,-0.01,-0.022,-0.039,-0.06,-0.08,-0.11,-0.14,-0.17,-0.2,-0.24,-0.29,-0.33,-0.36,-0.39,-0.42,-0.45,-0.48,-0.5,-0.514,-0.522,-0.525,-0.525,-0.52,-0.52,-0.524,-0.52,-0.523,-0.522,-0.52,-0.521,-0.52,-0.52,-0.52,-0.52,-0.52,-0.52,-0.52,-0.52,-0.52,-0.52,-0.52,-0.52,-0.52,-0.52,-0.52,-0.52,-0.52,-0.52,-0.52,-0.52,-0.52,-0.52,-0.52,-0.52,-0.52,-0.52,-0.52,-0.521,-0.52,-0.522,-0.52,-0.52,-0.523,-0.522,-0.521,-0.52,-0.52,-0.52,-0.52,-0.52,-0.52,-0.52,-0.52,-0.52,-0.52,-0.52,-0.52,-0.52,-0.519,-0.517,-0.513,-0.509,-0.503,-0.494,-0.484,-0.472,-0.457,-0.44,-0.42,-0.39,-0.35,-0.32,-0.28,-0.24,-0.2,-0.16,-0.12,-0.09,-0.07,-0.05,-0.035,-0.023,-0.015,-0.009,-0.005,-0.003,-0.001,0,0,0,0,0,0,0,0,0,0,0,0,0,0,0,0
PARAM_MOUTH_OPEN_Y=0
PARAM_BODY_ANGLE_X=0,0,0,0,0,0,0,0,0,0,0,0,0,-0.09,-0.34,-0.74,-1.27,-1.88,-2.59,-3.36,-4.17,-5,-5.83,-6.64,-7.41,-8.12,-8.73,-9.26,-9.66,-9.91,-10,-10,-10,-10,-10,-10,-10,-10,-10,-10,-10,-10,-10,-10,-10,-10,-10,-10,-10,-10,-10,-10,-10,-10,-10,-10,-10,-10,-10,-10,-10,-10,-10,-10,-10,-10,-10,-10,-10,-10,-10,-10,-10,-10,-10,-10,-10,-10,-10,-10,-10,-10,-10,-10,-10,-10,-10,-10,-10,-10,-10,-10,-10,-10,-10,-10,-9.93,-9.74,-9.45,-9.05,-8.57,-8.01,-7.41,-6.75,-6.06,-5.35,-4.65,-3.94,-3.25,-2.59,-1.99,-1.43,-0.95,-0.55,-0.26,-0.07,0,0,0,0,0,0,0,0,0,0,0,0,0,0,0,0,0,0,0,0
PARAM_BODY_ANGLE_Y=0
PARAM_BODY_ANGLE_Z=0
PARAM_BREATH=0
PARAM_HAIR_FRONT=0
PARAM_HAIR_SIDE=0
PARAM_HAIR_BACK=0
PARAM_ARM_L=0,0,0,0,0,0,0,0,0,0,0,0,0,-0.09,-0.34,-0.74,-1.27,-1.88,-2.59,-3.36,-4.17,-5,-5.83,-6.64,-7.41,-8.12,-8.73,-9.26,-9.66,-9.91,-10,-10,-10,-10,-10,-10,-10,-10,-10,-10,-10,-10,-10,-10,-10,-10,-10,-10,-10,-10,-10,-10,-10,-10,-10,-10,-10,-10,-10,-10,-10,-10,-10,-10,-10,-10,-10,-10,-10,-10,-10,-10,-10,-10,-10,-10,-10,-10,-10,-10,-10,-10,-10,-10,-10,-10,-10,-10,-10,-10,-10,-10,-10,-10,-10,-10,-9.93,-9.74,-9.45,-9.05,-8.57,-8.01,-7.41,-6.75,-6.06,-5.35,-4.65,-3.94,-3.25,-2.59,-1.99,-1.43,-0.95,-0.55,-0.26,-0.07,0,0,0,0,0,0,0,0,0,0,0,0,0,0,0,0,0,0,0,0
PARAM_ARM_R=0,0,0,0,0,0,0,0,0,0,0,0,0,0.09,0.34,0.74,1.27,1.88,2.59,3.36,4.17,5,5.83,6.64,7.41,8.12,8.73,9.26,9.66,9.91,10,10,10,10,10,10,10,10,10,10,10,10,10,10,10,10,10,10,10,10,10,10,10,10,10,10,10,10,10,10,10,10,10,10,10,10,10,10,10,10,10,10,10,10,10,10,10,10,10,10,10,10,10,10,10,10,10,10,10,10,10,10,10,10,10,10,9.93,9.74,9.45,9.05,8.57,8.01,7.41,6.75,6.06,5.35,4.65,3.94,3.25,2.59,1.99,1.43,0.95,0.55,0.26,0.07,0,0,0,0,0,0,0,0,0,0,0,0,0,0,0,0,0,0,0,0
PARAM_HAND_R=0
PARAM_ARMU_R=0
PARAM_BOW=0
PARAM_SKIRT2=0
PARAM_SKIRT=0
PARAM_ANGLE_CY=30,30,30,30,30,30,30,30,30,30,30,30,30,30,30,30,30,30,30,30,30,30,30,30,30,30,30,30,30,30,30,30,30,30,30,30,30,30,30,30,30,30,30,30,30,30,30,30,30,30,30,30,30,30,30,30,30,30,30,30,30,30,30,30,30,30,30,30,30,30,30,30,30,30,30,30,30,30,30,30,30,30,30,30,30,30,30,30,30,30,30,28.36,24.82,20.41,15.82,11.63,8.17,5.86,5,6.84,11.31,16.77,22.09,26.36,29.08,30,30,30,30,30,30,30,30,30,30,30,30,30,30,30,30,30,30,30,30,30,30,30,30,30,30,30,30,30,30,30
PARAM_ANGLE_CZ=0,0.05,0.18,0.39,0.68,1.04,1.46,1.93,2.45,3.02,3.62,4.27,4.93,5.61,6.3,7,7.7,8.39,9.07,9.73,10.38,10.98,11.55,12.07,12.54,12.96,13.32,13.61,13.82,13.95,14,13.92,13.67,13.27,12.74,12.07,11.29,10.41,9.44,8.39,7.27,6.08,4.85,3.57,2.29,1,-0.29,-1.57,-2.85,-4.08,-5.27,-6.39,-7.44,-8.41,-9.29,-10.07,-10.74,-11.27,-11.67,-11.92,-12,-11.96,-11.85,-11.66,-11.42,-11.11,-10.75,-10.34,-9.9,-9.41,-8.89,-8.34,-7.78,-7.19,-6.6,-6,-5.4,-4.81,-4.22,-3.66,-3.11,-2.59,-2.1,-1.66,-1.25,-0.89,-0.58,-0.34,-0.15,-0.04,0,0,0,0,0,0,0,0,0,0,0,0,0,0,0,0,0.08,0.31,0.67,1.14,1.69,2.33,3.02,3.75,4.5,5.25,5.98,6.67,7.31,7.86,8.33,8.69,8.92,9,8.82,8.34,7.59,6.66,5.62,4.5,3.38,2.34,1.41,0.66,0.18,0
PARAM_BODY_ANGLE_CY=0
PARAM_BODY_ANGLE_CZ=0,0.003,0.013,0.028,0.049,0.07,0.1,0.14,0.18,0.22,0.26,0.3,0.35,0.4,0.45,0.5,0.55,0.6,0.65,0.7,0.74,0.78,0.82,0.86,0.9,0.93,0.95,0.972,0.987,0.997,1,0.995,0.981,0.96,0.93,0.89,0.84,0.79,0.74,0.67,0.61,0.54,0.47,0.39,0.32,0.24,0.17,0.1,0.02,-0.05,-0.12,-0.18,-0.25,-0.3,-0.35,-0.4,-0.44,-0.47,-0.49,-0.505,-0.51,-0.508,-0.504,-0.496,-0.485,-0.472,-0.457,-0.44,-0.421,-0.4,-0.38,-0.35,-0.33,-0.31,-0.28,-0.26,-0.23,-0.2,-0.18,-0.16,-0.13,-0.11,-0.09,-0.07,-0.053,-0.038,-0.025,-0.014,-0.006,-0.002,0,0,0,0,0,0,0,0,0,0,0,0,0,0,0,0,0.003,0.01,0.022,0.037,0.055,0.08,0.1,0.12,0.15,0.17,0.19,0.21,0.24,0.253,0.268,0.28,0.287,0.29,0.284,0.269,0.24,0.21,0.18,0.15,0.11,0.08,0.05,0.02,0.006,0
PARAM_MOUTH_C=0,0.003,0.013,0.028,0.049,0.07,0.1,0.14,0.18,0.22,0.26,0.3,0.35,0.4,0.45,0.5,0.55,0.6,0.65,0.7,0.74,0.78,0.82,0.86,0.9,0.93,0.95,0.972,0.987,0.997,1,0.997,0.987,0.972,0.951,0.93,0.9,0.86,0.82,0.78,0.74,0.7,0.65,0.6,0.55,0.5,0.45,0.4,0.35,0.3,0.26,0.22,0.18,0.14,0.1,0.07,0.05,0.028,0.013,0.003,0,0,0,0,0,0,0,0,0,0,0,0,0,0,0,0,0,0,0,0,0,0,0,0,0,0,0,0,0,0,0,0.07,0.21,0.38,0.57,0.73,0.87,0.97,1,0.93,0.75,0.53,0.32,0.15,0.04,0,0,0,0,0,0,0,0,0,0,0,0,0,0,0,0,0,0,0,0,0,0,0,0,0,0,0,0,0,0,0
PARAM_LEG_C=0
PARAM_TAIL=0
PARAM_HAMMER=0
VISIBLE:PSD=1
VISIBLE:PARTS_01_FACE_001=1
VISIBLE:PARTS_01_EYE_001=1
VISIBLE:PARTS_01_EYE_BALL_001=1
VISIBLE:PARTS_01_BROW_001=1
VISIBLE:PARTS_01_MOUTH_001=1
VISIBLE:PARTS_01_NOSE_001=1
VISIBLE:PARTS_01_EAR_001=1
VISIBLE:PARTS_01_HAIR_FRONT_001=1
VISIBLE:PARTS_01_HAIR_SIDE_001=1
VISIBLE:PARTS_01_HAIR_BACK_001=1
VISIBLE:PARTS_01_NECK=1
VISIBLE:PARTS_01_BODY=1
VISIBLE:PARTS_01_CAT=1
VISIBLE:PARTS_01_HAMMER=1
LAYOUT:X=540
LAYOUT:Y=960
LAYOUT:SCALE_X=1
LAYOUT:SCALE_Y=1