# Live2D Animator Motion Data
$fps=30

$fadein=1000

$fadeout=1000

PARAM_ANGLE_X=0,-10.9,-15,-15,-15,-15,-15,-15,-15,-15,-15,-15,-14.73,-13.99,-12.83,-11.34,-9.62,-7.71,-5.76,-3.76,-1.82,0.04,1.7,3.17,4.37,5.25,5.81,6,6,6,6,6,6,6,6,6,6,6,6,6,6,6,6,5.2,3.89,2.58,1.52,0.87,0.49,0.24,0.09,0.02,0,0,0,0,0,0,0,0,0,0,0,0,0,0,0,0,0,0.006,0.025,0.06,0.1,0.15,0.21,0.28,0.35,0.43,0.52,0.61,0.7,0.8,0.9,1,1.1,1.2,1.3,1.39,1.48,1.57,1.65,1.72,1.79,1.85,1.9,1.94,1.97,1.994,2,1.995,1.982,1.96,1.93,1.9,1.86,1.81,1.75,1.7,1.64,1.57,1.5,1.43,1.36,1.28,1.21,1.13,1.05,0.97,0.89,0.81,0.74,0.66,0.59,0.52,0.45,0.39,0.33,0.27,0.22,0.17,0.13,0.09,0.06,0.03,0.015,0.004,0,0
PARAM_ANGLE_Y=0,-10.17,-14,-14,-14,-14,-14,-14,-14,-14,-14,-14,-13.49,-12.1,-10.02,-7.47,-4.69,-1.79,0.98,3.42,5.33,7.07,8.76,10.36,11.8,13.07,14.11,14.93,15.51,15.86,15.98,15.984,15.987,15.989,15.991,15.992,15.993,15.995,15.997,16,16.34,16.98,17.76,18.61,19.53,22.21,25.13,27.62,29.34,30,27.27,23.85,18.06,12.51,6.73,0.41,-6.82,-7.85,-8.74,-9.23,-9.42,-9.58,-9.71,-9.8,-9.88,-9.93,-9.96,-9.99,-9.997,-10,-10,-10,-10,-10,-10,-10,-10,-10,-10,-10,-10,-10,-10,-10,0.51,19.49,30,30,30,30,30,30,30,30,30,30,30,30,30,30,30,30,30,30,30,30,30,30,30,30,30,27.75,22.27,15,7.73,2.25,0,0,0,0,0,0,0,0,0,0,0,0,0,0,0,0,0,0,0,0,0,0
PARAM_ANGLE_Z=0,-10.9,-15,-15,-15,-15,-15,-15,-15,-15,-15,-15,-14.75,-14.05,-13.08,-11.96,-8.93,-7,-2.58,-0.26,3.32,5.94,7.97,9.51,10.63,11.41,11.85,12,12,12,12,12,12,12,12,12,12,12,12,12,12,12,12,11.67,10.74,9.26,7.31,5.02,2.36,-0.22,-1.66,-4.73,-7.07,-8.96,-10.45,-11.57,-12.37,-12.84,-13,-13,-13,-13,-13,-13,-13,-13,-13,-13,-13,-13,-13,-13,-13,-13,-13,-13,-13,-13,-13,-13,-13,-13,-13,-13,-6.43,5.43,12,12,12,12,12,12,12,12,12,12,12,12,12,12,12,12,12,12,12,12,12,12,12,12,12,11.1,8.91,6,3.09,0.9,0,0,0,0,0,0,0,0,0,0,0,0,0,0,0,0,0,0,0,0,0,0
PARAM_EYE_L_OPEN=1,1,1,1,1,1,1,1,1,1,1,1,0.97,0.92,0.88,0.85,0.82,0.807,0.802,0.8,0.8,0.8,0.8,0.8,0.8,0.8,0.8,0.8,0.8,0.8,0.8,0.8,0.8,0.8,0.8,0.8,0.8,0.8,0.8,0.8,0.801,0.798,0.789,0.77,0.74,0.58,0.37,0.18,0.05,0,0,0,0.73,1,1,1,1,1,1,1,1,1,1,1,1,1,1,1,1,1,1,1,1,1,1,1,1,1,1,1,1,1,1,1,0.85,0.8,1,1,1,1,1,1,1,1,1,1,1,1,1,1,1,1,1,1,1,1,1,1,1,1,1,0.995,0.95,0.8,0.5,0.16,0,0,0,0.73,1,1,1,1,1,1,1,1,1,1,1,1,1,1,1,1,1,1
PARAM_EYE_L_SMILE=0
PARAM_EYE_R_OPEN=1,1,1,1,1,1,1,1,1,1,1,1,0.97,0.92,0.88,0.85,0.82,0.807,0.802,0.8,0.8,0.8,0.8,0.8,0.8,0.8,0.8,0.8,0.8,0.8,0.8,0.8,0.8,0.8,0.8,0.8,0.8,0.8,0.8,0.8,0.801,0.798,0.789,0.77,0.74,0.58,0.37,0.18,0.05,0,0,0,0.73,1,1,1,1,1,1,1,1,1,1,1,1,1,1,1,1,1,1,1,1,1,1,1,1,1,1,1,1,1,1,1,0.85,0.8,1,1,1,1,1,1,1,1,1,1,1,1,1,1,1,1,1,1,1,1,1,1,1,1,1,0.995,0.95,0.8,0.5,0.16,0,0,0,0.73,1,1,1,1,1,1,1,1,1,1,1,1,1,1,1,1,1,1
PARAM_EYE_R_SMILE=0
PARAM_EYE_BALL_X=0,0.31,0.43,0.43,0.43,0.43,0.43,0.43,0.43,0.43,0.43,0.43,0.424,0.407,0.38,0.35,0.31,0.27,0.22,0.18,0.14,0.09,0.06,0.02,0,-0.023,-0.036,-0.04,-0.04,-0.04,-0.04,-0.04,-0.04,-0.04,-0.04,-0.04,-0.04,-0.04,-0.04,-0.04,-0.04,-0.04,-0.04,-0.04,-0.04,-0.04,-0.038,-0.037,-0.036,-0.034,-0.032,-0.03,-0.027,-0.025,-0.023,-0.02,-0.017,-0.015,-0.013,-0.01,-0.008,-0.006,-0.004,-0.003,-0.002,-0.001,0,0,0,0,0,0,0,0,0,0,0,0,0,0,0,0,-0.007,-0.019,-0.029,-0.037,-0.04,-0.04,-0.04,-0.04,-0.04,-0.04,-0.04,-0.04,-0.04,-0.04,-0.04,-0.04,-0.04,-0.04,-0.04,-0.04,-0.04,-0.04,-0.04,-0.04,-0.04,-0.04,-0.04,-0.04,-0.04,-0.039,-0.037,-0.034,-0.03,-0.025,-0.021,-0.016,-0.012,-0.008,-0.004,-0.002,-0.001,0,0,0,0,0,0,0,0,0,0,0,0,0,0,0
PARAM_EYE_BALL_Y=0,0.24,0.33,0.33,0.33,0.33,0.33,0.33,0.33,0.33,0.33,0.33,0.324,0.306,0.28,0.24,0.2,0.16,0.11,0.06,0.02,-0.03,-0.07,-0.1,-0.13,-0.15,-0.166,-0.17,-0.17,-0.17,-0.17,-0.17,-0.17,-0.17,-0.17,-0.17,-0.17,-0.17,-0.17,-0.17,-0.17,-0.17,-0.17,-0.157,-0.13,-0.1,-0.06,-0.02,0.03,0.09,0.15,0.19,0.23,0.25,0.259,0.266,0.272,0.277,0.281,0.284,0.286,0.288,0.289,0.29,0.29,0.29,0.29,0.29,0.29,0.29,0.29,0.29,0.29,0.29,0.29,0.29,0.29,0.29,0.29,0.29,0.29,0.29,0.29,0.29,0.17,-0.05,-0.17,-0.17,-0.17,-0.17,-0.17,-0.17,-0.17,-0.17,-0.17,-0.17,-0.17,-0.17,-0.17,-0.17,-0.17,-0.17,-0.17,-0.17,-0.17,-0.17,-0.17,-0.17,-0.17,-0.17,-0.17,-0.157,-0.13,-0.09,-0.04,-0.01,0,0,0,0,0,0,0,0,0,0,0,0,0,0,0,0,0,0,0,0,0,0
PARAM_BROW_L_Y=-0.4,-0.11,0,-0.002,-0.019,-0.036,-0.055,-0.075,-0.095,-0.12,-0.14,-0.16,-0.18,-0.21,-0.23,-0.26,-0.29,-0.31,-0.34,-0.36,-0.39,-0.405,-0.422,-0.437,-0.449,-0.458,-0.465,-0.469,-0.47,-0.47,-0.47,-0.47,-0.47,-0.47,-0.47,-0.47,-0.47,-0.47,-0.47,-0.47,-0.47,-0.47,-0.47,-0.47,-0.47,-0.47,-0.47,-0.47,-0.47,-0.47,-0.47,-0.47,-0.47,-0.47,-0.47,-0.47,-0.47,-0.47,-0.47,-0.47,-0.47,-0.47,-0.47,-0.47,-0.47,-0.47,-0.47,-0.47,-0.47,-0.47,-0.47,-0.47,-0.47,-0.47,-0.47,-0.47,-0.47,-0.47,-0.47,-0.47,-0.47,-0.47,-0.47,-0.47,-0.47,-0.47,-0.47,-0.469,-0.468,-0.465,-0.462,-0.459,-0.455,-0.452,-0.449,-0.446,-0.443,-0.442,-0.44,-0.44,-0.44,-0.44,-0.44,-0.44,-0.44,-0.44,-0.44,-0.44,-0.44,-0.44,-0.44,-0.44,-0.44,-0.44,-0.44,-0.44,-0.44,-0.433,-0.421,-0.411,-0.403,-0.4,-0.4,-0.4,-0.4,-0.4,-0.4,-0.4,-0.4,-0.4,-0.4,-0.4,-0.4,-0.4,-0.4,-0.4,-0.4,-0.4
PARAM_BROW_R_Y=-0.22,-0.06,0,-0.002,-0.011,-0.021,-0.032,-0.044,-0.056,-0.07,-0.086,-0.103,-0.122,-0.14,-0.17,-0.19,-0.21,-0.23,-0.251,-0.269,-0.284,-0.299,-0.311,-0.321,-0.329,-0.335,-0.339,-0.34,-0.34,-0.34,-0.34,-0.34,-0.34,-0.34,-0.34,-0.34,-0.34,-0.34,-0.34,-0.34,-0.34,-0.34,-0.34,-0.34,-0.34,-0.34,-0.34,-0.34,-0.34,-0.34,-0.34,-0.34,-0.34,-0.34,-0.34,-0.34,-0.34,-0.34,-0.34,-0.34,-0.34,-0.34,-0.34,-0.34,-0.34,-0.34,-0.34,-0.34,-0.34,-0.34,-0.34,-0.34,-0.34,-0.34,-0.34,-0.34,-0.34,-0.34,-0.34,-0.34,-0.34,-0.34,-0.34,-0.34,-0.34,-0.34,-0.34,-0.335,-0.325,-0.312,-0.299,-0.286,-0.276,-0.27,-0.267,-0.269,-0.27,-0.269,-0.268,-0.267,-0.27,-0.27,-0.27,-0.269,-0.269,-0.27,-0.27,-0.27,-0.27,-0.27,-0.27,-0.27,-0.27,-0.27,-0.27,-0.27,-0.27,-0.266,-0.27,-0.23,-0.227,-0.224,-0.222,-0.221,-0.22,-0.22,-0.22,-0.22,-0.22,-0.22,-0.22,-0.22,-0.22,-0.22,-0.22,-0.22,-0.22,-0.22
PARAM_BROW_L_X=0
PARAM_BROW_R_X=0
PARAM_BROW_L_ANGLE=0.36,-0.27,-0.49,-0.5,-0.5,-0.5,-0.5,-0.5,-0.5,-0.5,-0.5,-0.5,-0.5,-0.5,-0.5,-0.5,-0.5,-0.5,-0.5,-0.5,-0.5,-0.5,-0.5,-0.5,-0.5,-0.5,-0.5,-0.5,-0.5,-0.5,-0.5,-0.5,-0.5,-0.5,-0.5,-0.5,-0.5,-0.5,-0.5,-0.5,-0.5,-0.5,-0.5,-0.5,-0.5,-0.5,-0.5,-0.5,-0.5,-0.5,-0.5,-0.5,-0.5,-0.5,-0.5,-0.5,-0.5,-0.5,-0.5,-0.5,-0.5,-0.5,-0.5,-0.5,-0.5,-0.5,-0.5,-0.5,-0.5,-0.5,-0.5,-0.5,-0.5,-0.5,-0.5,-0.5,-0.5,-0.5,-0.5,-0.5,-0.5,-0.5,-0.5,-0.5,-0.5,-0.5,-0.5,-0.5,-0.5,-0.5,-0.5,-0.5,-0.5,-0.5,-0.5,-0.5,-0.5,-0.5,-0.5,-0.5,-0.5,-0.5,-0.5,-0.5,-0.5,-0.5,-0.5,-0.501,-0.501,-0.5,-0.5,-0.5,-0.5,-0.5,-0.5,-0.5,-0.5,-0.5,-0.5,-0.13,0,0.01,0.01,0.01,0.01,0.01,0.01,0.01,0.01,0.01,0.01,0.01,0.01,0.01,0.01,0.01,0.01,0.01
PARAM_BROW_R_ANGLE=0.29,-0.28,-0.5,-0.5,-0.5,-0.5,-0.5,-0.5,-0.499,-0.498,-0.496,-0.495,-0.493,-0.491,-0.489,-0.487,-0.484,-0.482,-0.479,-0.476,-0.474,-0.471,-0.468,-0.466,-0.461,-0.459,-0.456,-0.453,-0.45,-0.446,-0.443,-0.439,-0.434,-0.432,-0.428,-0.425,-0.421,-0.416,-0.414,-0.41,-0.406,-0.402,-0.397,-0.395,-0.391,-0.387,-0.383,-0.379,-0.376,-0.372,-0.368,-0.364,-0.36,-0.356,-0.352,-0.348,-0.344,-0.341,-0.337,-0.334,-0.331,-0.328,-0.325,-0.322,-0.319,-0.317,-0.314,-0.312,-0.31,-0.308,-0.306,-0.304,-0.302,-0.301,-0.299,-0.298,-0.297,-0.295,-0.294,-0.293,-0.293,-0.292,-0.29,-0.291,-0.29,-0.29,-0.29,-0.29,-0.29,-0.29,-0.29,-0.29,-0.29,-0.29,-0.29,-0.29,-0.29,-0.29,-0.29,-0.29,-0.29,-0.29,-0.29,-0.29,-0.29,-0.29,-0.29,-0.29,-0.29,-0.29,-0.29,-0.29,-0.29,-0.29,-0.29,-0.29,-0.29,-0.29,-0.29,0.13,0.29,0.29,0.29,0.29,0.29,0.29,0.29,0.29,0.29,0.29,0.29,0.29,0.29,0.29,0.29,0.29,0.29,0.29
PARAM_BROW_L_FORM=0,-0.73,-1,-1,-1,-1,-1,-1,-1,-1,-0.998,-0.997,-0.995,-0.994,-0.992,-0.99,-0.988,-0.986,-0.984,-0.981,-0.979,-0.977,-0.975,-0.973,-0.971,-0.969,-0.967,-0.964,-0.961,-0.959,-0.957,-0.954,-0.952,-0.949,-0.945,-0.943,-0.94,-0.937,-0.934,-0.932,-0.929,-0.926,-0.923,-0.919,-0.916,-0.914,-0.911,-0.908,-0.906,-0.903,-0.9,-0.897,-0.894,-0.892,-0.889,-0.886,-0.884,-0.881,-0.879,-0.876,-0.874,-0.872,-0.869,-0.867,-0.865,-0.862,-0.86,-0.857,-0.855,-0.853,-0.851,-0.849,-0.848,-0.846,-0.845,-0.844,-0.843,-0.842,-0.842,-0.841,-0.84,-0.84,-0.84,-0.84,-0.84,-0.84,-0.84,-0.84,-0.84,-0.84,-0.84,-0.84,-0.84,-0.84,-0.84,-0.84,-0.84,-0.84,-0.84,-0.84,-0.84,-0.84,-0.84,-0.84,-0.84,-0.84,-0.84,-0.84,-0.84,-0.84,-0.84,-0.84,-0.84,-0.84,-0.84,-0.84,-0.84,-0.839,-0.836,-0.02,0.29,0.29,0.29,0.29,0.29,0.29,0.29,0.29,0.29,0.29,0.29,0.29,0.29,0.29,0.29,0.29,0.29,0.29
PARAM_BROW_R_FORM=0,-0.63,-0.86,-0.86,-0.86,-0.86,-0.86,-0.86,-0.86,-0.86,-0.857,-0.855,-0.854,-0.85,-0.851,-0.85,-0.848,-0.847,-0.845,-0.844,-0.842,-0.84,-0.839,-0.837,-0.835,-0.832,-0.83,-0.827,-0.826,-0.824,-0.821,-0.819,-0.816,-0.813,-0.811,-0.809,-0.807,-0.804,-0.8,-0.798,-0.796,-0.793,-0.79,-0.788,-0.786,-0.783,-0.781,-0.779,-0.776,-0.774,-0.771,-0.768,-0.766,-0.763,-0.761,-0.758,-0.756,-0.753,-0.752,-0.75,-0.747,-0.745,-0.743,-0.742,-0.74,-0.738,-0.736,-0.734,-0.732,-0.731,-0.729,-0.728,-0.727,-0.726,-0.73,-0.723,-0.72,-0.723,-0.72,-0.72,-0.722,-0.72,-0.72,-0.72,-0.72,-0.721,-0.72,-0.72,-0.72,-0.72,-0.72,-0.72,-0.72,-0.72,-0.72,-0.72,-0.72,-0.72,-0.72,-0.72,-0.72,-0.72,-0.72,-0.72,-0.72,-0.72,-0.72,-0.72,-0.72,-0.72,-0.72,-0.72,-0.72,-0.72,-0.72,-0.72,-0.72,-0.718,-0.717,-0.04,0.22,0.22,0.22,0.22,0.22,0.22,0.22,0.22,0.22,0.22,0.22,0.22,0.22,0.22,0.22,0.22,0.22,0.22
PARAM_MOUTH_OPEN_Y=0
PARAM_BODY_ANGLE_X=0,-5.81,-8,-8,-8,-8,-8,-8,-8,-8,-8,-8,-7.85,-7.42,-6.76,-5.91,-4.93,-3.84,-2.72,-1.58,-0.47,0.59,1.54,2.38,3.07,3.57,3.89,4,4,4,4,4,4,4,4,4,4,4,4,4,4,4,4,3.91,3.68,3.33,2.92,2.47,2.03,1.61,1.25,0.94,0.71,0.48,0.31,0.19,0.1,0.05,0.02,0.004,-0.001,0,0,0,0,0,0,0,0,0,0,0,0,0,0,0,0,0,0,0,0,0,0,0.32,1.05,3.43,4,4,4,4,4,4,4,4,4,4,4,4,4,4,4,4,4,4,4,4,4,4,4,4,4,3.7,2.97,2,1.03,0.3,0,0,0,0,0,0,0,0,0,0,0,0,0,0,0,0,0,0,0,0,0,0
PARAM_BODY_ANGLE_Y=0,0,0,0,0,0,0,0,0,0,0,0,0,0,0,0,0,0,0,0,0,0,0,0,0,0,0,0,0,0,0,0,0,0,0,0,0,0,0,0,0,0,0,0,0,0,0,0,0,0,0,0,0,-1.1,-2.13,-2.78,-3,-2.85,-2.61,-2.37,-2.18,-2.08,-2.02,-2.004,-1.999,-2,-2,-2,-2,-2,-2,-2,-2,-2,-2,-2,-2,-1.999,-1.996,-1.991,-1.984,-1.973,-1.96,-1.943,-1.922,-1.9,-1.87,-1.84,-1.8,-1.76,-1.71,-1.66,-1.6,-1.54,-1.47,-1.39,-1.31,-1.21,-1.11,-1.01,-0.92,-0.82,-0.73,-0.64,-0.56,-0.48,-0.4,-0.33,-0.27,-0.21,-0.16,-0.11,-0.07,-0.04,-0.02,-0.005,0,0,0,0,0,0,0,0,0,0,0,0,0,0,0,0,0,0,0,0,0,0
PARAM_BODY_ANGLE_Z=0,3.63,4,4,4,4,4,4,4,4,4,4,4,4,4,4,4,4,4,4,4,4,4,4,4,4,4,4,4,4,4,4,4,4,4,4,4,4,4,4,4,4,4,4,4,4,3.85,3.35,2.83,2.3,1.79,1.31,0.88,0.53,0.24,0.06,0,0,0,0,0,0,0,0,0,0,0,0,0,0,0,0,0,0,0,0,0,0,0,0,0,0,0,0,0,0,0,0,0,0,0,0,0,0,0,0,0,0,0,0,0,0,0,0,0,0,0,0,0,0,0,0,0,0,0,0,0,0,0,0,0,0,0,0,0,0,0,0,0,0,0,0,0,0,0,0,0,0
PARAM_BREATH=0
PARAM_HAIR_FRONT=0
PARAM_HAIR_SIDE=0
PARAM_HAIR_BACK=0
PARAM_ARM_L=0,-0.38,-1.1,-1.96,-2.91,-3.91,-4.99,-5.78,-6.36,-6.74,-6.94,-7,-7,-7,-7,-7,-7,-7,-7,-7,-7,-7,-7,-7,-7,-7,-7,-7,-7,-7,-7,-7,-7,-7,-7,-7,-7,-7,-7,-7,-7,-7,-7,-7,-7,-7.001,-7.001,-7,-7,-7,-7,-7,-7,-7,-7,-7,-7,-7,-7,-7,-7,-7,-7,-7,-7,-7,-7,-7,-7,-7,-7,-7,-7,-7,-7,-7,-7,-7,-7,-7,-7,-7,-7,-7,-7,-7,-7,-7,-7,-7,-7,-7,-7,-7,-7,-7,-7,-7,-7,-7,-7,-7,-7,-7,-7,-7,-7,-7.004,-6.97,-6.89,-6.73,-6.47,-5.05,-3.22,-1.59,-0.44,0,0,0,0,0,0,0,0,0,0,0,0,0,0,0,0,0,0,0,0,0,0
PARAM_ARM_R=0,0.09,0.34,0.72,1.22,1.79,2.43,3.08,3.75,4.39,5.01,5.57,6.06,6.46,6.75,6.94,7,7,7,7,7,7,7,7,7,7,7,7,7,7,7,7,7,7,7,7,7,7,7,7,7,7,7,7,7,7,7,7,7,7,7,7,7,7,7,7,7,7,7,7,6.999,7,7,7,7,7,7,7,7,7,7,7,7,7,7,7,7,6.998,7,7,7,7,7,7,7,7,7,7,7,7,6.997,7,7,7,7,7,7,7,7,7,7,6.996,7,7,7,7,7,7,7,7,7,6.47,5.19,3.5,1.8,0.53,0,0,0,0,0,0,0,0,0,0,0,0,0,0,0,0,0,0,0,0,0,0
PARAM_HAND_R=0
PARAM_ARMU_R=0
PARAM_BOW=0
PARAM_SKIRT2=0
PARAM_SKIRT=0
PARAM_ANGLE_CY=30,30,30,30,30,30,30,30,30,30,30,30,30,30,30,30,30,30,30,30,30,30,30,30,30,30,30,30,30,30,30,30,30,30,30,30,30,30,30,30,30,30,30,30,30,30,30,30,30,30,30,30,30,30,30,30,30,30,30,30,30,30,30,30,30,30,30,30,30,30,30,30,30,30,30,30,30,30,30,30,30,30,30,30,30,30,30,30,30,30,30,28.36,24.82,20.41,15.82,11.63,8.17,5.86,5,6.84,11.31,16.77,22.09,26.36,29.08,30,30,30,30,30,30,30,30,30,30,30,30,30,30,30,30,30,30,30,30,30,30,30,30,30,30,30,30,30,30,30,30,30
PARAM_ANGLE_CZ=0,0.05,0.18,0.39,0.68,1.04,1.46,1.93,2.45,3.02,3.62,4.27,4.93,5.61,6.3,7,7.7,8.39,9.07,9.73,10.38,10.98,11.55,12.07,12.54,12.96,13.32,13.61,13.82,13.95,14,13.92,13.67,13.27,12.74,12.07,11.29,10.41,9.44,8.39,7.27,6.08,4.85,3.57,2.29,1,-0.29,-1.57,-2.85,-4.08,-5.27,-6.39,-7.44,-8.41,-9.29,-10.07,-10.74,-11.27,-11.67,-11.92,-12,-11.96,-11.85,-11.66,-11.42,-11.11,-10.75,-10.34,-9.9,-9.41,-8.89,-8.34,-7.78,-7.19,-6.6,-6,-5.4,-4.81,-4.22,-3.66,-3.11,-2.59,-2.1,-1.66,-1.25,-0.89,-0.58,-0.34,-0.15,-0.04,0,0,0,0,0,0,0,0,0,0,0,0,0,0,0,0,0.08,0.31,0.67,1.14,1.69,2.33,3.02,3.75,4.5,5.25,5.98,6.67,7.31,7.86,8.33,8.69,8.92,9,8.82,8.34,7.61,6.71,5.7,4.63,3.58,2.6,1.74,1.01,0.46,0.12,0,0
PARAM_BODY_ANGLE_CY=0
PARAM_BODY_ANGLE_CZ=0,0.003,0.013,0.028,0.049,0.07,0.1,0.14,0.18,0.22,0.26,0.3,0.35,0.4,0.45,0.5,0.55,0.6,0.65,0.7,0.74,0.78,0.82,0.86,0.9,0.93,0.95,0.972,0.987,0.997,1,0.995,0.981,0.96,0.93,0.89,0.84,0.79,0.74,0.67,0.61,0.54,0.47,0.39,0.32,0.24,0.17,0.1,0.02,-0.05,-0.12,-0.18,-0.25,-0.3,-0.35,-0.4,-0.44,-0.47,-0.49,-0.505,-0.51,-0.508,-0.504,-0.496,-0.485,-0.472,-0.457,-0.44,-0.421,-0.4,-0.38,-0.35,-0.33,-0.31,-0.28,-0.26,-0.23,-0.2,-0.18,-0.16,-0.13,-0.11,-0.09,-0.07,-0.053,-0.038,-0.025,-0.014,-0.006,-0.002,0,0,0,0,0,0,0,0,0,0,0,0,0,0,0,0,0.003,0.01,0.022,0.037,0.055,0.08,0.1,0.12,0.15,0.17,0.19,0.21,0.24,0.253,0.268,0.28,0.287,0.29,0.284,0.269,0.25,0.22,0.18,0.15,0.12,0.08,0.06,0.03,0.015,0.004,0,0
PARAM_MOUTH_C=0,0.003,0.013,0.028,0.049,0.07,0.1,0.14,0.18,0.22,0.26,0.3,0.35,0.4,0.45,0.5,0.55,0.6,0.65,0.7,0.74,0.78,0.82,0.86,0.9,0.93,0.95,0.972,0.987,0.997,1,0.997,0.987,0.972,0.951,0.93,0.9,0.86,0.82,0.78,0.74,0.7,0.65,0.6,0.55,0.5,0.45,0.4,0.35,0.3,0.26,0.22,0.18,0.14,0.1,0.07,0.05,0.028,0.013,0.003,0,0,0,0,0,0,0,0,0,0,0,0,0,0,0,0,0,0,0,0,0,0,0,0,0,0,0,0,0,0,0,0.07,0.21,0.38,0.57,0.73,0.87,0.97,1,0.93,0.75,0.53,0.32,0.15,0.04,0,0,0,0,0,0,0,0,0,0,0,0,0,0,0,0,0,0,0,0,0,0,0,0,0,0,0,0,0,0,0,0,0
PARAM_LEG_C=0
PARAM_TAIL=0
PARAM_HAMMER=0
VISIBLE:PSD=1
VISIBLE:PARTS_01_FACE_001=1
VISIBLE:PARTS_01_EYE_001=1
VISIBLE:PARTS_01_EYE_BALL_001=1
VISIBLE:PARTS_01_BROW_001=1
VISIBLE:PARTS_01_MOUTH_001=1
VISIBLE:PARTS_01_NOSE_001=1
VISIBLE:PARTS_01_EAR_001=1
VISIBLE:PARTS_01_HAIR_FRONT_001=1
VISIBLE:PARTS_01_HAIR_SIDE_001=1
VISIBLE:PARTS_01_HAIR_BACK_001=1
VISIBLE:PARTS_01_NECK=1
VISIBLE:PARTS_01_BODY=1
VISIBLE:PARTS_01_CAT=1
VISIBLE:PARTS_01_HAMMER=1
LAYOUT:X=540
LAYOUT:Y=960
LAYOUT:SCALE_X=1
LAYOUT:SCALE_Y=1