# Live2D Animator Motion Data
$fps=30

$fadein=1000

$fadeout=1000

PARAM_ANGLE_X=0
PARAM_ANGLE_Y=0,0,0,0,0,0,0,0,0,0,0,0,-0.01,-0.04,-0.08,-0.15,-0.22,-0.31,-0.41,-0.52,-0.65,-0.78,-0.92,-1.07,-1.23,-1.4,-1.58,-1.77,-1.96,-2,-0.56,2.56,6.44,10.48,14.16,17.21,19.24,20,19.39,17.68,14.9,10.87,8.83,5.95,3.48,2.36,1.5,0.87,0.45,0.18,0.04,0,0,0,0,0,0,0,0,0,0.17,0.63,1.3,2.09,2.91,3.7,4.37,4.83,5,4.94,4.76,4.48,4.12,3.7,3.24,2.75,2.25,1.76,1.3,0.88,0.52,0.24,0.06,0,0,0,0,0,0,0,0,0,0,0,0,0,0,0,0,0,0,0,0,0,0,0,0,0,0,0,0,0,0,0,0,0,0,0,0,0,0,0,0,0,0,0,0,0,0,0,0,0
PARAM_ANGLE_Z=0,0,0,0,0,0,0,0,0,0,0,0,0,0,0,0,0,0,0,0,0,0,0,0,0,-0.06,-0.22,-0.46,-0.76,-1.1,-1.46,-1.81,-2.13,-2.42,-2.66,-2.85,-2.96,-3,-2.24,-0.26,2.61,5.88,9.29,12.46,15.17,17.24,18.54,19,19,19,19,19,19,19,19,19,19,19,19,19,19,19,18.81,18.28,17.48,16.46,15.3,14.03,12.72,11.06,9.55,8.07,6.03,4.29,3.17,2.6,2.02,1.47,0.98,0.59,0.3,0.12,0.05,0.02,0.006,-0.004,-0.009,-0.01,-0.01,-0.01,-0.01,-0.01,-0.01,-0.01,-0.01,-0.01,-0.01,-0.01,-0.009,-0.01,-0.01,-0.01,-0.008,-0.01,-0.01,-0.007,-0.01,-0.01,-0.006,-0.01,-0.01,-0.005,0,-0.004,0,0,-0.003,0,0,-0.002,0,0,0,-0.001,0,0,0,0,0,0,0,0
PARAM_EYE_L_OPEN=1,1,1,1,1,1,1,1,1,1,1,1,0.92,0.74,0.5,0.26,0.08,0,0,0,0,0,0,0,0,0,0,0,0,0,0,0,0,0,0,0,0,0,0,0,0,0,0,0,0,0,0,0,0,0,0,0,0,0,0,0,0,0,0,0,0,0,0,0,0,0,0,0,0,0,0,0,0,0,0,0,0,0,0,0,0,0,0,0,0,0,0,0,0,0,0,0,0,0,0,0,0,0.18,0.46,0.73,0.92,1,1,1,1,1,1,1,1,1,1,1,1,1,1,1,1,1,1,1,1,1,1,1,1,1,1,1,1,1,1,1
PARAM_EYE_L_SMILE=0,0,0,0,0.07,0.25,0.47,0.68,0.85,0.96,1,1,1,1,1,1,1,1,1,1,1,1,1,1,1,1,1,1,1,1,1,1,1,1,1,1,1,1,1,1,1,1,1,1,1,1,1,1,1,1,1,1,1,1,1,1,1,1,1,1,1,1,1,1,1,1,1,1,1,1,1,1,1,1,1,1,1,1,1,1,1,1,1,1,1,1,1,1,1,1,1,1,1,1,1,1,1,0.82,0.54,0.27,0.08,0,0,0,0,0,0,0,0,0,0,0,0,0,0,0,0,0,0,0,0,0,0,0,0,0,0,0,0,0,0,0
PARAM_EYE_R_OPEN=1,1,1,1,1,1,1,1,1,1,1,1,0.92,0.74,0.5,0.26,0.08,0,0,0,0,0,0,0,0,0,0,0,0,0,0,0,0,0,0,0,0,0,0,0,0,0,0,0,0,0,0,0,0,0,0,0,0,0,0,0,0,0,0,0,0,0,0,0,0,0,0,0,0,0,0,0,0,0,0,0,0,0,0,0,0,0,0,0,0,0,0,0,0,0,0,0,0,0,0,0,0,0.18,0.46,0.73,0.92,1,1,1,1,1,1,1,1,1,1,1,1,1,1,1,1,1,1,1,1,1,1,1,1,1,1,1,1,1,1,1
PARAM_EYE_R_SMILE=0,0,0,0,0.07,0.25,0.47,0.68,0.85,0.96,1,1,1,1,1,1,1,1,1,1,1,1,1,1,1,1,1,1,1,1,1,1,1,1,1,1,1,1,1,1,1,1,1,1,1,1,1,1,1,1,1,1,1,1,1,1,1,1,1,1,1,1,1,1,1,1,1,1,1,1,1,1,1,1,1,1,1,1,1,1,1,1,1,1,1,1,1,1,1,1,1,1,1,1,1,1,1,0.82,0.54,0.27,0.08,0,0,0,0,0,0,0,0,0,0,0,0,0,0,0,0,0,0,0,0,0,0,0,0,0,0,0,0,0,0,0
PARAM_EYE_BALL_X=0
PARAM_EYE_BALL_Y=0
PARAM_BROW_L_Y=-0.4,-0.4,-0.4,-0.4,-0.407,-0.425,-0.45,-0.47,-0.485,-0.496,-0.5,-0.5,-0.54,-0.63,-0.75,-0.87,-0.96,-1,-1,-1,-1,-1,-1,-1,-1,-1,-1,-1,-1,-1,-1,-1,-1,-1,-1,-1,-1,-1,-1,-1,-1,-1,-1,-1,-1,-1,-1,-1,-1,-1,-1,-1,-1,-1,-1,-1,-1,-1,-1,-1,-1,-1,-1,-1,-1,-1,-1,-1,-1,-1,-1,-1,-1,-1,-1,-1,-1,-1,-1,-1,-1,-1,-1,-1,-1,-1,-1,-1,-1,-1,-1,-1,-1,-1,-1,-1,-1,-0.91,-0.77,-0.63,-0.54,-0.5,-0.5,-0.5,-0.5,-0.5,-0.5,-0.5,-0.5,-0.5,-0.5,-0.5,-0.5,-0.5,-0.5,-0.5,-0.5,-0.5,-0.5,-0.5,-0.5,-0.5,-0.5,-0.5,-0.5,-0.5,-0.5,-0.5,-0.5,-0.5,-0.5,-0.5
PARAM_BROW_R_Y=-0.24,-0.24,-0.24,-0.24,-0.261,-0.31,-0.37,-0.43,-0.48,-0.51,-0.52,-0.52,-0.56,-0.64,-0.76,-0.88,-0.96,-1,-1,-1,-1,-1,-1,-1,-1,-1,-1,-1,-1,-1,-1,-1,-1,-1,-1,-1,-1,-1,-1,-1,-1,-1,-1,-1,-1,-1,-1,-1,-1,-1,-1,-1,-1,-1,-1,-1,-1,-1,-1,-1,-1,-1,-1,-1,-1,-1,-1,-1,-1,-1,-1,-1,-1,-1,-1,-1,-1,-1,-1,-1,-1,-1,-1,-1,-1,-1,-1,-1,-1,-1,-1,-1,-1,-1,-1,-1,-1,-0.91,-0.78,-0.65,-0.56,-0.52,-0.52,-0.52,-0.52,-0.52,-0.52,-0.52,-0.52,-0.52,-0.52,-0.52,-0.52,-0.52,-0.52,-0.52,-0.52,-0.52,-0.52,-0.52,-0.52,-0.52,-0.52,-0.52,-0.52,-0.52,-0.52,-0.52,-0.52,-0.52,-0.52,-0.52
PARAM_BROW_L_X=0
PARAM_BROW_R_X=0
PARAM_BROW_L_ANGLE=0.4,0.4,0.4,0.4,0.37,0.3,0.21,0.13,0.06,0.01,0,0,0.005,0.015,0.03,0.045,0.055,0.06,0.06,0.06,0.06,0.06,0.06,0.06,0.06,0.06,0.06,0.06,0.06,0.06,0.06,0.06,0.06,0.06,0.06,0.06,0.06,0.06,0.06,0.06,0.06,0.06,0.06,0.06,0.06,0.06,0.06,0.06,0.06,0.06,0.06,0.06,0.06,0.06,0.06,0.06,0.06,0.06,0.06,0.06,0.06,0.06,0.06,0.06,0.06,0.06,0.06,0.06,0.06,0.06,0.06,0.06,0.06,0.06,0.06,0.06,0.06,0.06,0.06,0.06,0.06,0.06,0.06,0.06,0.06,0.06,0.06,0.06,0.06,0.06,0.06,0.06,0.06,0.06,0.06,0.06,0.06,0.049,0.032,0.016,0.005,0,0,0,0,0,0,0,0,0,0,0,0,0,0,0,0,0,0,0,0,0,0,0,0,0,0,0,0,0,0,0
PARAM_BROW_R_ANGLE=0.36,0.36,0.36,0.36,0.33,0.27,0.19,0.11,0.05,0.01,0,0,0.005,0.015,0.03,0.045,0.055,0.06,0.06,0.06,0.06,0.06,0.06,0.06,0.06,0.06,0.06,0.06,0.06,0.06,0.06,0.06,0.06,0.06,0.06,0.06,0.06,0.06,0.06,0.06,0.06,0.06,0.06,0.06,0.06,0.06,0.06,0.06,0.06,0.06,0.06,0.06,0.06,0.06,0.06,0.06,0.06,0.06,0.06,0.06,0.06,0.06,0.06,0.06,0.06,0.06,0.06,0.06,0.06,0.06,0.06,0.06,0.06,0.06,0.06,0.06,0.06,0.06,0.06,0.06,0.06,0.06,0.06,0.06,0.06,0.06,0.06,0.06,0.06,0.06,0.06,0.06,0.06,0.06,0.06,0.06,0.06,0.049,0.032,0.016,0.005,0,0,0,0,0,0,0,0,0,0,0,0,0,0,0,0,0,0,0,0,0,0,0,0,0,0,0,0,0,0,0
PARAM_BROW_L_FORM=0,0,0,0,0.04,0.12,0.23,0.33,0.41,0.46,0.48,0.48,0.52,0.61,0.74,0.87,0.96,1,1,1,1,1,1,1,1,1,1,1,1,1,1,1,1,1,1,1,1,1,1,1,1,1,1,1,1,1,1,1,1,1,1,1,1,1,1,1,1,1,1,1,1,1,1,1,1,1,1,1,1,1,1,1,1,1,1,1,1,1,1,1,1,1,1,1,1,1,1,1,1,1,1,1,1,1,1,1,1,0.91,0.76,0.62,0.52,0.48,0.48,0.48,0.48,0.48,0.48,0.48,0.48,0.48,0.48,0.48,0.48,0.48,0.48,0.48,0.48,0.48,0.48,0.48,0.48,0.48,0.48,0.48,0.48,0.48,0.48,0.48,0.48,0.48,0.48,0.48
PARAM_BROW_R_FORM=0,0,0,0,0.04,0.13,0.24,0.34,0.43,0.48,0.5,0.5,0.54,0.63,0.75,0.87,0.96,1,1,1,1,1,1,1,1,1,1,1,1,1,1,1,1,1,1,1,1,1,1,1,1,1,1,1,1,1,1,1,1,1,1,1,1,1,1,1,1,1,1,1,1,1,1,1,1,1,1,1,1,1,1,1,1,1,1,1,1,1,1,1,1,1,1,1,1,1,1,1,1,1,1,1,1,1,1,1,1,0.91,0.77,0.63,0.54,0.5,0.5,0.5,0.5,0.5,0.5,0.5,0.5,0.5,0.5,0.5,0.5,0.5,0.5,0.5,0.5,0.5,0.5,0.5,0.5,0.5,0.5,0.5,0.5,0.5,0.5,0.5,0.5,0.5,0.5,0.5
PARAM_MOUTH_OPEN_Y=0
PARAM_BODY_ANGLE_X=0
PARAM_BODY_ANGLE_Y=0,0,0,0,0,0,0,0,0,0,0,0,0,0,0,0,0,0,0,0,0,0,0,0,0,0,0,0,0,0,0,0,0,0,0,0,0,0,0,-0.17,-0.63,-1.3,-2.09,-2.91,-3.7,-4.37,-4.83,-5,-5,-5,-5,-5,-5,-5,-5,-5,-5,-5,-5,-5,-5,-5,-4.96,-4.83,-4.64,-4.38,-4.08,-3.73,-3.35,-2.95,-2.54,-2.13,-1.73,-1.35,-1,-0.69,-0.43,-0.22,-0.09,-0.03,-0.019,-0.011,-0.005,0,0,0,0,0,0,0,0,0,0,0,0,0,0,0,0,0,0,0,0,0,0,0,0,0,0,0,0,0,0,0,0,0,0,0,0,0,0,0,0,0,0,0,0,0,0,0,0,0
PARAM_BODY_ANGLE_Z=0,0,0,0,0,0,0,0,0,0,0,0,0,0,0,0,0,0,0,0,0,0,0,0,0,0,0,0,0,0,0.03,0.1,0.22,0.38,0.57,0.8,1.04,1.3,1.58,1.86,2.14,2.42,2.7,2.96,3.2,3.43,3.62,3.78,3.9,3.97,4,4,4,4,4,4,4,4,4,4,4,4,3.97,3.87,3.72,3.53,3.3,3.04,2.77,2.48,2.19,1.89,1.6,1.32,1.05,0.8,0.57,0.38,0.22,0.1,0.03,0,0,0,0,0,0,0,0,0,0,0,0,0,0,0,0,0,0,0,0,0,0,0,0,0,0,0,0,0,0,0,0,0,0,0,0,0,0,0,0,0,0,0,0,0,0,0,0,0,0,0
PARAM_BREATH=0
PARAM_HAIR_FRONT=0
PARAM_HAIR_SIDE=0
PARAM_HAIR_BACK=0
PARAM_ARM_L=0,0,0,0,0,0,0,0,0,0,0,0,-0.75,-2.58,-5,-7.42,-9.25,-10,-10,-10,-10,-10,-10,-10,-10,-10,-10,-10,-10,-10,-10,-10,-10,-10,-10,-10,-10,-10,-10,-10,-10,-10,-10,-10,-10,-10,-10,-10,-10,-10,-10,-10,-10,-10,-10,-10,-10,-10,-10,-10,-10,-10,-10,-10,-10,-10,-10,-10,-10,-10,-10,-10,-10,-10,-10,-10,-10,-10,-10,-10,-10,-10,-10,-10,-10,-10,-10,-10,-10,-10,-10,-10,-10,-10,-10,-10,-10,-8.21,-5.35,-2.68,-0.75,0,0,0,0,0,0,0,0,0,0,0,0,0,0,0,0,0,0,0,0,0,0,0,0,0,0,0,0,0,0,0
PARAM_ARM_R=0,0,0,0,0,0,0,0,0,0,0,0,0.75,2.58,5,7.42,9.25,10,10,10,10,10,10,10,10,10,10,10,10,10,10,10,10,10,10,10,10,10,10,10,10,10,10,10,10,10,10,10,10,10,10,10,10,10,10,10,10,10,10,10,10,10,10,10,10,10,10,10,10,10,10,10,10,10,10,10,10,10,10,10,10,10,10,10,10,10,10,10,10,10,10,10,10,10,10,10,10,8.21,5.35,2.68,0.75,0,0,0,0,0,0,0,0,0,0,0,0,0,0,0,0,0,0,0,0,0,0,0,0,0,0,0,0,0,0,0
PARAM_HAND_R=0
PARAM_ARMU_R=0
PARAM_BOW=0
PARAM_SKIRT2=0
PARAM_SKIRT=0
PARAM_ANGLE_CY=30,30,30,30,30,30,30,30,30,30,30,30,30,30,30,30,30,30,30,30,30,30,30,30,30,30,30,30,30,30,30,30,30,30,30,30,30,30,30,30,30,30,30,30,30,30,30,30,30,30,30,30,30,30,30,30,30,30,30,30,30,30,30,30,30,30,30,30,30,30,30,30,30,30,30,30,30,30,30,30,30,30,30,30,30,30,30,30,30,30,30,30,30,30,30,30,30,30,30,30,30,30,28.36,24.82,20.41,15.82,11.63,8.17,5.86,5,6.84,11.31,16.77,22.09,26.36,29.08,30,30,30,30,30,30,30,30,30,30,30,30,30,30,30,30
PARAM_ANGLE_CZ=0,0,0,0,0,0,0,0,0,0,0,0,0.05,0.18,0.39,0.68,1.04,1.46,1.93,2.45,3.02,3.62,4.27,4.93,5.61,6.3,7,7.7,8.39,9.07,9.73,10.38,10.98,11.55,12.07,12.54,12.96,13.32,13.61,13.82,13.95,14,13.92,13.67,13.27,12.74,12.07,11.29,10.41,9.44,8.39,7.27,6.08,4.85,3.57,2.29,1,-0.29,-1.57,-2.85,-4.08,-5.27,-6.39,-7.44,-8.41,-9.29,-10.07,-10.74,-11.27,-11.67,-11.92,-12,-11.96,-11.85,-11.66,-11.42,-11.11,-10.75,-10.34,-9.9,-9.41,-8.89,-8.34,-7.78,-7.19,-6.6,-6,-5.4,-4.81,-4.22,-3.66,-3.11,-2.59,-2.1,-1.66,-1.25,-0.89,-0.58,-0.34,-0.15,-0.04,0,0,0,0,0,0,0,0,0,0,0,0,0,0,0,0,0,0,0,0,0,0,0,0,0,0,0,0,0,0,0
PARAM_BODY_ANGLE_CY=0
PARAM_BODY_ANGLE_CZ=0,0,0,0,0,0,0,0,0,0,0,0,0.003,0.013,0.028,0.049,0.07,0.1,0.14,0.18,0.22,0.26,0.3,0.35,0.4,0.45,0.5,0.55,0.6,0.65,0.7,0.74,0.78,0.82,0.86,0.9,0.93,0.95,0.972,0.987,0.997,1,0.995,0.981,0.96,0.93,0.89,0.84,0.79,0.74,0.67,0.61,0.54,0.47,0.39,0.32,0.24,0.17,0.1,0.02,-0.05,-0.12,-0.18,-0.25,-0.3,-0.35,-0.4,-0.44,-0.47,-0.49,-0.505,-0.51,-0.508,-0.504,-0.496,-0.485,-0.472,-0.457,-0.44,-0.421,-0.4,-0.38,-0.35,-0.33,-0.31,-0.28,-0.26,-0.23,-0.2,-0.18,-0.16,-0.13,-0.11,-0.09,-0.07,-0.053,-0.038,-0.025,-0.014,-0.006,-0.002,0,0,0,0,0,0,0,0,0,0,0,0,0,0,0,0,0,0,0,0,0,0,0,0,0,0,0,0,0,0,0
PARAM_MOUTH_C=0,0,0,0,0,0,0,0,0,0,0,0,0.003,0.013,0.028,0.049,0.07,0.1,0.14,0.18,0.22,0.26,0.3,0.35,0.4,0.45,0.5,0.55,0.6,0.65,0.7,0.74,0.78,0.82,0.86,0.9,0.93,0.95,0.972,0.987,0.997,1,0.997,0.987,0.972,0.951,0.93,0.9,0.86,0.82,0.78,0.74,0.7,0.65,0.6,0.55,0.5,0.45,0.4,0.35,0.3,0.26,0.22,0.18,0.14,0.1,0.07,0.05,0.028,0.013,0.003,0,0,0,0,0,0,0,0,0,0,0,0,0,0,0,0,0,0,0,0,0,0,0,0,0,0,0,0,0,0,0,0.07,0.21,0.38,0.57,0.73,0.87,0.97,1,0.93,0.75,0.53,0.32,0.15,0.04,0,0,0,0,0,0,0,0,0,0,0,0,0,0,0,0
PARAM_LEG_C=0
PARAM_TAIL=0
PARAM_HAMMER=0
VISIBLE:PSD=1
VISIBLE:PARTS_01_FACE_001=1
VISIBLE:PARTS_01_EYE_001=1
VISIBLE:PARTS_01_EYE_BALL_001=1
VISIBLE:PARTS_01_BROW_001=1
VISIBLE:PARTS_01_MOUTH_001=1
VISIBLE:PARTS_01_NOSE_001=1
VISIBLE:PARTS_01_EAR_001=1
VISIBLE:PARTS_01_HAIR_FRONT_001=1
VISIBLE:PARTS_01_HAIR_SIDE_001=1
VISIBLE:PARTS_01_HAIR_BACK_001=1
VISIBLE:PARTS_01_NECK=1
VISIBLE:PARTS_01_BODY=1
VISIBLE:PARTS_01_CAT=1
VISIBLE:PARTS_01_HAMMER=1
LAYOUT:X=540
LAYOUT:Y=960
LAYOUT:SCALE_X=1
LAYOUT:SCALE_Y=1