# Live2D Animator Motion Data
$fps=30

$fadein=1000

$fadeout=1000

PARAM_ANGLE_X=0,0,0,0,0,-0.14,-0.55,-1.23,-2.15,-3.27,-4.62,-6.16,-7.83,-9.7,-11.7,-13.77,-16,-18.45,-20.53,-22.33,-23.89,-25.22,-26.34,-27.28,-28.06,-28.69,-29.18,-29.55,-29.8,-29.95,-30,-30,-30,-30,-30,-30,-30,-30,-30,-30,-30,-30,-30,-30,-30,-30,-30,-30,-30,-30,-30,-30,-30,-30,-30,-30,-30,-30,-30,-30,-30,-30,-30,-30,-30,-30,-30,-30,-30,-30,-30,-30,-30,-30,-30,-30,-30,-30,-30,-30,-30,-30,-30,-30,-30,-30,-30,-30,-30,-30,-30,-30,-30,-30,-30,-30,-30,-30,-30,-30,-30,-30,-30,-30,-30,-30,-30,-30,-30,-30,-30,-30,-30,-30,-30,-30,-30,-30,-30,-30,-30,-30,-30,-30,-30,-30,-30,-30,-30,-30,-30,-30,-30,-30,-30,-30,-30,-30,-30,-30,-30,-30,-30,-30,-30,-30,-30,-30,-30,-30,-30,-30,-30,-30,-30,-30,-30,-30,-30,-30,-30,-30,-30,-30,-30,-30,-30,-30,-30,-30,-30,-30,-30,-30,-30,-30,-30,-30,-30,-30,-30,-30,-30,-30,-30,-30,-30,-30,-30,-30,-30,-30,-30,-30,-30,-30,-30,-30,-30,-30,-30,-30,-30,-30,-30,-30,-30,-30,-30,-30,-30,-30,-30,-30,-30,-30,-30,-30,-30,-30,-30,-30,-30,-30,-30,-30,-30,-30,-30,-30,-30,-30,-30,-30,-30,-30,-30,-30,-30,-30,-30,-30,-30,-30,-30,-30,-30,-30,-30,-30,-30,-30,-30,-30,-30,-30,-30,-30,-30,-30,-30,-30,-30,-30,-30,-30,-30,-30,-30,-30,-30,-30,-30,-29.92,-29.7,-29.33,-28.82,-28.18,-27.4,-26.48,-25.42,-24.23,-22.88,-21.42,-19.77,-17.96,-16,-13.67,-11.53,-9.53,-7.69,-6.06,-4.6,-3.35,-2.3,-1.46,-0.81,-0.36,-0.09,0,0,0,0,0,0,0,0,0,0,0,0,0,0,0,0,0,0,0,0,0,0,0,0,0,0,0,0,0,0,0,0,0,0,0,0,0,0,0,0,0,0,0,0,0,0,0,0,0,0,0,0,0,0,0,0,0,0,0,0,0,0,0,0,0,0,0,0,0,0,0
PARAM_ANGLE_Y=0,0,0,0,0,-0.04,-0.15,-0.37,-0.71,-1.18,-1.81,-2.63,-3.62,-4.85,-6.32,-8,-10,-12.44,-14.73,-16.92,-19.01,-20.94,-22.7,-24.3,-25.73,-26.97,-28.03,-28.86,-29.48,-29.87,-30,-30,-30,-30,-30,-30,-30,-30,-30,-30,-30,-30,-30,-30,-30,-30,-30,-30,-30,-30,-30,-30,-30,-30,-30,-30,-30,-30,-30,-30,-30,-30,-30,-30,-30,-30,-30,-30,-30,-30,-30,-30,-30,-30,-30,-30,-30,-30,-30,-30,-30,-30,-30,-30,-30,-30,-30,-30,-30,-30,-30,-30,-30,-30,-30,-30,-30,-30,-30,-30,-30,-30,-30,-30,-30,-30,-30,-30,-30,-30,-30,-30,-30,-30,-30,-30,-30,-30,-30,-30,-30,-30,-30,-30,-30,-30,-30,-30,-30,-30,-30,-30,-30,-30,-30,-30,-30,-30,-30,-30,-30,-30,-30,-30,-30,-30,-30,-30,-30,-30,-30,-30,-30,-30,-30,-30,-30,-30,-30,-30,-30,-30,-30,-30,-30,-30,-30,-30,-30,-30,-30,-30,-30,-30,-30,-30,-30,-30,-30,-30,-30,-30,-30,-30,-30,-30,-30,-30,-30,-30,-30,-30,-30,-30,-30,-30,-30,-30,-30,-30,-30,-30,-30,-30,-30,-30,-30,-30,-30,-30,-30,-30,-30,-30,-30,-30,-30,-30,-30,-30,-30,-30,-30,-30,-30,-30,-30,-30,-30,-30,-30,-30,-30,-30,-30,-30,-30,-30,-30,-30,-30,-30,-30,-30,-30,-30,-30,-30,-30,-30,-30,-30,-30,-30,-30,-30,-30,-30,-30,-30,-30,-30,-30,-30,-30,-30,-30,-30,-30,-30,-30,-30,-30,-29.79,-29.23,-28.37,-27.25,-25.94,-24.47,-22.87,-21.17,-19.39,-17.54,-15.68,-13.78,-11.87,-10,-7.97,-6.27,-4.83,-3.61,-2.64,-1.85,-1.24,-0.78,-0.45,-0.23,-0.09,-0.02,0,0,0,0,0,0,0,0,0,0,0,0,0,0,0,0,0,0,0,0,0,0,0,0,0,0,0,0,0,0,0,0,0,0,0,0,0,0,0,0,0,0,0,0,0,0,0,0,0,0,0,0,0,0,0,0,0,0,0,0,0,0,0,0,0,0,0,0,0,0,0
PARAM_ANGLE_Z=0,0,0,0,0,-0.016,-0.07,-0.18,-0.36,-0.62,-0.98,-1.46,-2.05,-2.79,-3.7,-4.74,-6,-7.57,-9.09,-10.57,-12.01,-13.36,-14.62,-15.77,-16.82,-17.73,-18.52,-19.14,-19.61,-19.9,-20,-20,-20,-20,-20,-20,-20,-20,-20,-20,-20,-20,-20,-20,-20,-20,-20,-20,-20,-20,-20,-20,-20,-20,-20,-20,-20,-20,-20,-20,-20,-20,-20,-20,-20,-20,-20,-20,-20,-20,-20,-20,-20,-20,-20,-20,-20,-20,-20,-20,-20,-20,-20,-20,-20,-20,-20,-20,-20,-20,-20,-20,-20,-20,-20,-20,-20,-20,-20,-20,-20,-20,-20,-20,-20,-20,-20,-20,-20,-20,-20,-20,-20,-20,-20,-20,-20,-20,-20,-20,-20,-20,-20,-20,-20,-20,-20,-20,-20,-20,-20,-20,-20,-20,-20,-20,-20,-20,-20,-20,-20,-20,-20,-20,-20,-20,-20,-20,-20,-20,-20,-20,-20,-20,-20,-20,-20,-20,-20,-20,-20,-20,-20,-20,-20,-20,-20,-20,-20,-20,-20,-20,-20,-20,-20,-20,-20,-20,-20,-20,-20,-20,-20,-20,-20,-20,-20,-20,-20,-20,-20,-20,-20,-20,-20,-20,-20,-20,-20,-20,-20,-20,-20,-20,-20,-20,-20,-20,-20,-20,-20,-20,-20,-20,-20,-20,-20,-20,-20,-20,-20,-20,-20,-20,-20,-20,-20,-20,-20,-20,-20,-20,-20,-20,-20,-20,-20,-20,-20,-20,-20,-20,-20,-20,-20,-20,-20,-20,-20,-20,-20,-20,-20,-20,-20,-20,-20,-20,-20,-20,-20,-20,-20,-20,-20,-20,-20,-20,-20,-20,-20,-20,-20,-19.84,-19.42,-18.77,-17.94,-16.98,-15.91,-14.75,-13.53,-12.28,-10.99,-9.72,-8.45,-7.19,-6,-4.73,-3.68,-2.79,-2.06,-1.47,-1.01,-0.66,-0.41,-0.23,-0.11,-0.04,-0.01,0,0,0,0,0,0,0,0,0,0,0,0,0,0,0,0,0,0,0,0,0,0,0,0,0,0,0,0,0,0,0,0,0,0,0,0,0,0,0,0,0,0,0,0,0,0,0,0,0,0,0,0,0,0,0,0,0,0,0,0,0,0,0,0,0,0,0,0,0,0,0
PARAM_EYE_L_OPEN=1,1,1,1,1,1,1,1,1,1,1,1,1,1,1,1,1,1,1,1,1,1,1,1,1,1,1,1,1,1,1,1,1,1,1,1,1,1,1,1,1,1,1,1,1,1,1,1,1,1,1,1,1,1,1,1,1,1,1,1,1,1,1,1,1,1,1,0.74,0.26,0,0,0.18,0.46,0.73,0.92,1,1,1,1,1,1,1,1,1,1,1,1,1,1,1,1,1,1,1,1,1,1,1,1,1,1,1,1,1,1,1,1,1,1,1,1,1,1,1,1,1,1,1,1,1,1,1,1,1,1,1,1,1,1,1,1,1,1,1,1,1,1,1,1,1,1,1,1,1,1,1,1,1,1,1,1,1,0.74,0.26,0,0,0.18,0.46,0.73,0.92,1,1,1,1,1,1,1,1,1,1,1,1,1,1,1,1,1,1,1,1,1,1,1,1,1,1,1,1,1,1,1,1,1,1,1,1,1,1,1,1,1,1,1,1,1,1,1,1,1,1,1,1,0.74,0.26,0,0,0.18,0.46,0.73,0.92,1,1,1,1,1,1,1,1,1,1,1,1,1,1,1,1,1,1,1,1,1,1,1,1,1,1,1,1,1,1,1,1,1,1,1,1,1,1,1,1,1,1,1,1,1,1,1,1,1,1,1,1,1,1,1,1,1,1,1,0.74,0.26,0,0,0.18,0.46,0.73,0.92,1,1,1,1,1,1,1,1,1,1,1,1,1,1,1,1,1,1,1,1,1,1,1,1,1,1,1,1,1,1,1,1,1,1,1,1,1,1,1,1,1,1,1,1,1,1,1,1,1,1,1,1,1,1,1,1,1,1,1,1,1,1,1,1,0.74,0.26,0,0,0.18,0.46,0.73,0.92,1,1,1,1,1,1,1,1,1,1,1
PARAM_EYE_L_SMILE=0
PARAM_EYE_R_OPEN=1,1,1,1,1,1,1,1,1,1,1,1,1,1,1,1,1,1,1,1,1,1,1,1,1,1,1,1,1,1,1,1,1,1,1,1,1,1,1,1,1,1,1,1,1,1,1,1,1,1,1,1,1,1,1,1,1,1,1,1,1,1,1,1,1,1,1,0.74,0.26,0,0,0.18,0.46,0.73,0.92,1,1,1,1,1,1,1,1,1,1,1,1,1,1,1,1,1,1,1,1,1,1,1,1,1,1,1,1,1,1,1,1,1,1,1,1,1,1,1,1,1,1,1,1,1,1,1,1,1,1,1,1,1,1,1,1,1,1,1,1,1,1,1,1,1,1,1,1,1,1,1,1,1,1,1,1,1,0.74,0.26,0,0,0.18,0.46,0.73,0.92,1,1,1,1,1,1,1,1,1,1,1,1,1,1,1,1,1,1,1,1,1,1,1,1,1,1,1,1,1,1,1,1,1,1,1,1,1,1,1,1,1,1,1,1,1,1,1,1,1,1,1,1,0.74,0.26,0,0,0.18,0.46,0.73,0.92,1,1,1,1,1,1,1,1,1,1,1,1,1,1,1,1,1,1,1,1,1,1,1,1,1,1,1,1,1,1,1,1,1,1,1,1,1,1,1,1,1,1,1,1,1,1,1,1,1,1,1,1,1,1,1,1,1,1,1,0.74,0.26,0,0,0.18,0.46,0.73,0.92,1,1,1,1,1,1,1,1,1,1,1,1,1,1,1,1,1,1,1,1,1,1,1,1,1,1,1,1,1,1,1,1,1,1,1,1,1,1,1,1,1,1,1,1,1,1,1,1,1,1,1,1,1,1,1,1,1,1,1,1,1,1,1,1,0.74,0.26,0,0,0.18,0.46,0.73,0.92,1,1,1,1,1,1,1,1,1,1,1
PARAM_EYE_R_SMILE=0
PARAM_EYE_BALL_X=0,0,0,0,0,-0.005,-0.018,-0.04,-0.07,-0.11,-0.15,-0.2,-0.26,-0.32,-0.39,-0.46,-0.53,-0.61,-0.68,-0.74,-0.79,-0.84,-0.88,-0.91,-0.93,-0.96,-0.972,-0.985,-0.993,-0.998,-1,-1,-1,-1,-1,-1,-1,-1,-1,-1,-1,-1,-1,-1,-1,-1,-1,-1,-1,-1,-1,-1,-1,-1,-1,-1,-1,-1,-1,-1,-1,-1,-1,-1,-1,-1,-1,-1,-1,-1,-1,-1,-1,-1,-1,-1,-1,-1,-1,-1,-1,-1,-1,-1,-1,-1,-1,-1,-1,-1,-1,-1,-1,-1,-1,-1,-1,-1,-1,-1,-1,-1,-1,-1,-1,-1,-1,-1,-1,-1,-1,-1,-1,-1,-1,-1,-1,-1,-1,-1,-1,-1,-1,-1,-1,-1,-1,-1,-1,-1,-1,-1,-1,-1,-1,-1,-1,-1,-1,-1,-1,-1,-1,-1,-1,-1,-1,-1,-1,-1,-1,-1,-1,-1,-1,-1,-1,-1,-1,-1,-1,-1,-1,-1,-1,-1,-1,-1,-1,-1,-1,-1,-1,-1,-1,-1,-1,-1,-1,-1,-1,-1,-1,-1,-1,-1,-1,-1,-1,-1,-1,-1,-1,-1,-1,-1,-1,-1,-1,-1,-1,-1,-1,-1,-1,-1,-1,-1,-1,-1,-1,-1,-1,-1,-1,-1,-1,-1,-1,-1,-1,-1,-1,-1,-1,-1,-1,-1,-1,-1,-1,-1,-1,-1,-1,-1,-1,-1,-1,-1,-1,-1,-1,-1,-1,-1,-1,-1,-1,-1,-1,-1,-1,-1,-1,-1,-1,-1,-1,-1,-1,-1,-1,-1,-1,-1,-1,-1,-1,-1,-1,-1,-1,-0.997,-0.99,-0.977,-0.96,-0.94,-0.91,-0.88,-0.85,-0.81,-0.76,-0.71,-0.66,-0.6,-0.53,-0.45,-0.38,-0.31,-0.25,-0.2,-0.15,-0.11,-0.08,-0.05,-0.03,-0.012,-0.003,0,0,0,0,0,0,0,0,0,0,0,0,0,0,0,0,0,0,0,0,0,0,0,0,0,0,0,0,0,0,0,0,0,0,0,0,0,0,0,0,0,0,0,0,0,0,0,0,0,0,0,0,0,0,0,0,0,0,0,0,0,0,0,0,0,0,0,0,0,0,0
PARAM_EYE_BALL_Y=-0.78,-0.78,-0.78,-0.78,-0.78,-0.784,-0.796,-0.814,-0.84,-0.86,-0.89,-0.92,-0.94,-0.97,-0.984,-0.996,-1,-1,-1,-1,-1,-1,-1,-1,-1,-1,-1,-1,-1,-1,-0.999,-1,-1,-1,-1,-1,-0.998,-1,-1,-1,-1,-0.997,-1,-1,-1,-0.996,-1,-1,-0.995,-0.99,-0.99,-0.994,-0.99,-0.99,-0.993,-0.99,-0.99,-0.992,-0.99,-0.991,-0.99,-0.99,-0.99,-0.99,-0.989,-0.99,-0.988,-0.99,-0.987,-0.99,-0.99,-0.986,-0.99,-0.985,-0.98,-0.983,-0.983,-0.98,-0.982,-0.98,-0.981,-0.98,-0.98,-0.98,-0.978,-0.978,-0.98,-0.977,-0.98,-0.975,-0.975,-0.97,-0.974,-0.973,-0.97,-0.972,-0.97,-0.97,-0.97,-0.97,-0.968,-0.968,-0.967,-0.97,-0.966,-0.965,-0.96,-0.963,-0.963,-0.962,-0.96,-0.961,-0.96,-0.96,-0.958,-0.958,-0.957,-0.96,-0.955,-0.954,-0.954,-0.953,-0.95,-0.951,-0.951,-0.95,-0.949,-0.95,-0.947,-0.946,-0.946,-0.945,-0.94,-0.943,-0.942,-0.942,-0.941,-0.94,-0.94,-0.938,-0.937,-0.936,-0.936,-0.935,-0.934,-0.93,-0.932,-0.931,-0.93,-0.93,-0.929,-0.928,-0.927,-0.926,-0.93,-0.924,-0.923,-0.922,-0.921,-0.921,-0.92,-0.919,-0.918,-0.917,-0.92,-0.915,-0.914,-0.913,-0.912,-0.911,-0.911,-0.91,-0.909,-0.908,-0.907,-0.906,-0.91,-0.904,-0.903,-0.902,-0.901,-0.9,-0.899,-0.899,-0.898,-0.897,-0.896,-0.895,-0.894,-0.893,-0.892,-0.89,-0.89,-0.889,-0.888,-0.887,-0.886,-0.885,-0.885,-0.884,-0.883,-0.882,-0.881,-0.88,-0.879,-0.878,-0.88,-0.876,-0.875,-0.874,-0.873,-0.872,-0.872,-0.871,-0.87,-0.869,-0.868,-0.867,-0.87,-0.865,-0.864,-0.863,-0.862,-0.861,-0.861,-0.86,-0.859,-0.858,-0.857,-0.86,-0.855,-0.854,-0.853,-0.853,-0.852,-0.851,-0.85,-0.85,-0.848,-0.847,-0.846,-0.846,-0.845,-0.844,-0.843,-0.84,-0.841,-0.84,-0.84,-0.839,-0.838,-0.84,-0.836,-0.835,-0.835,-0.834,-0.833,-0.83,-0.831,-0.831,-0.83,-0.829,-0.83,-0.827,-0.827,-0.826,-0.83,-0.824,-0.824,-0.823,-0.82,-0.821,-0.821,-0.82,-0.82,-0.818,-0.818,-0.817,-0.82,-0.815,-0.815,-0.81,-0.813,-0.813,-0.812,-0.81,-0.811,-0.81,-0.81,-0.809,-0.808,-0.81,-0.807,-0.81,-0.805,-0.805,-0.8,-0.804,-0.803,-0.8,-0.802,-0.8,-0.801,-0.8,-0.8,-0.799,-0.8,-0.798,-0.8,-0.797,-0.8,-0.796,-0.8,-0.795,-0.79,-0.794,-0.79,-0.793,-0.79,-0.792,-0.79,-0.79,-0.791,-0.79,-0.79,-0.79,-0.789,-0.79,-0.79,-0.788,-0.79,-0.79,-0.787,-0.79,-0.79,-0.786,-0.79,-0.79,-0.785,-0.78,-0.78,-0.784,-0.78,-0.78,-0.78,-0.783,-0.78,-0.78,-0.78,-0.78,-0.782,-0.78,-0.78,-0.78,-0.78,-0.78,-0.781,-0.78,-0.78,-0.78,-0.78,-0.78,-0.78,-0.78,-0.78,-0.78,-0.78,-0.78,-0.78,-0.78
PARAM_BROW_L_Y=0
PARAM_BROW_R_Y=0
PARAM_BROW_L_X=0
PARAM_BROW_R_X=0
PARAM_BROW_L_ANGLE=0,0,0,0,0,0,0,0,0,0,0,0,0,0,0,0,0,-0.01,-0.04,-0.08,-0.12,-0.18,-0.23,-0.29,-0.35,-0.4,-0.44,-0.48,-0.51,-0.533,-0.54,-0.54,-0.54,-0.54,-0.54,-0.54,-0.54,-0.54,-0.54,-0.54,-0.54,-0.54,-0.54,-0.54,-0.54,-0.54,-0.54,-0.54,-0.54,-0.54,-0.54,-0.54,-0.54,-0.54,-0.54,-0.54,-0.54,-0.54,-0.54,-0.54,-0.54,-0.54,-0.54,-0.54,-0.54,-0.54,-0.54,-0.54,-0.54,-0.54,-0.54,-0.54,-0.54,-0.54,-0.54,-0.54,-0.54,-0.54,-0.54,-0.54,-0.54,-0.54,-0.54,-0.54,-0.54,-0.54,-0.54,-0.54,-0.54,-0.54,-0.54,-0.54,-0.54,-0.54,-0.54,-0.54,-0.54,-0.54,-0.54,-0.54,-0.54,-0.54,-0.54,-0.54,-0.54,-0.54,-0.54,-0.54,-0.54,-0.54,-0.54,-0.54,-0.54,-0.54,-0.54,-0.54,-0.54,-0.54,-0.54,-0.54,-0.54,-0.54,-0.54,-0.54,-0.54,-0.54,-0.54,-0.54,-0.54,-0.54,-0.54,-0.54,-0.54,-0.54,-0.54,-0.54,-0.54,-0.54,-0.54,-0.54,-0.54,-0.54,-0.54,-0.54,-0.54,-0.54,-0.54,-0.54,-0.54,-0.54,-0.54,-0.54,-0.54,-0.54,-0.54,-0.54,-0.54,-0.54,-0.54,-0.54,-0.54,-0.54,-0.54,-0.54,-0.54,-0.54,-0.54,-0.54,-0.54,-0.54,-0.54,-0.54,-0.54,-0.54,-0.54,-0.54,-0.54,-0.54,-0.54,-0.54,-0.54,-0.54,-0.54,-0.54,-0.54,-0.54,-0.54,-0.54,-0.54,-0.54,-0.54,-0.54,-0.54,-0.54,-0.54,-0.54,-0.54,-0.54,-0.54,-0.54,-0.54,-0.54,-0.54,-0.54,-0.54,-0.54,-0.54,-0.54,-0.54,-0.54,-0.54,-0.54,-0.54,-0.54,-0.54,-0.54,-0.54,-0.54,-0.54,-0.54,-0.54,-0.54,-0.54,-0.54,-0.54,-0.54,-0.54,-0.54,-0.54,-0.54,-0.54,-0.54,-0.54,-0.54,-0.54,-0.54,-0.54,-0.54,-0.54,-0.54,-0.54,-0.54,-0.54,-0.54,-0.54,-0.54,-0.54,-0.54,-0.54,-0.54,-0.54,-0.54,-0.54,-0.54,-0.54,-0.54,-0.54,-0.54,-0.54,-0.54,-0.54,-0.54,-0.54,-0.54,-0.54,-0.54,-0.54,-0.54,-0.54,-0.54,-0.54,-0.54,-0.54,-0.53,-0.5,-0.46,-0.42,-0.36,-0.31,-0.25,-0.19,-0.14,-0.1,-0.06,-0.03,-0.007,0,0,0,0,0,0,0,0,0,0,0,0,0,0,0,0,0,0,0,0,0,0,0,0,0,0,0,0,0,0,0,0,0,0,0,0,0,0,0,0,0,0,0,0,0,0,0,0,0,0,0,0,0,0,0,0,0,0,0,0,0,0,0,0,0,0,0,0,0,0,0,0,0,0,0,0,0,0,0,0,0,0,0,0
PARAM_BROW_R_ANGLE=0,0,0,0,0,0,0,0,0,0,0,0,0,0,0,0,0,-0.01,-0.04,-0.08,-0.12,-0.18,-0.23,-0.29,-0.35,-0.4,-0.44,-0.48,-0.51,-0.533,-0.54,-0.54,-0.54,-0.54,-0.54,-0.54,-0.54,-0.54,-0.54,-0.54,-0.54,-0.54,-0.54,-0.54,-0.54,-0.54,-0.54,-0.54,-0.54,-0.54,-0.54,-0.54,-0.54,-0.54,-0.54,-0.54,-0.54,-0.54,-0.54,-0.54,-0.54,-0.54,-0.54,-0.54,-0.54,-0.54,-0.54,-0.54,-0.54,-0.54,-0.54,-0.54,-0.54,-0.54,-0.54,-0.54,-0.54,-0.54,-0.54,-0.54,-0.54,-0.54,-0.54,-0.54,-0.54,-0.54,-0.54,-0.54,-0.54,-0.54,-0.54,-0.54,-0.54,-0.54,-0.54,-0.54,-0.54,-0.54,-0.54,-0.54,-0.54,-0.54,-0.54,-0.54,-0.54,-0.54,-0.54,-0.54,-0.54,-0.54,-0.54,-0.54,-0.54,-0.54,-0.54,-0.54,-0.54,-0.54,-0.54,-0.54,-0.54,-0.54,-0.54,-0.54,-0.54,-0.54,-0.54,-0.54,-0.54,-0.54,-0.54,-0.54,-0.54,-0.54,-0.54,-0.54,-0.54,-0.54,-0.54,-0.54,-0.54,-0.54,-0.54,-0.54,-0.54,-0.54,-0.54,-0.54,-0.54,-0.54,-0.54,-0.54,-0.54,-0.54,-0.54,-0.54,-0.54,-0.54,-0.54,-0.54,-0.54,-0.54,-0.54,-0.54,-0.54,-0.54,-0.54,-0.54,-0.54,-0.54,-0.54,-0.54,-0.54,-0.54,-0.54,-0.54,-0.54,-0.54,-0.54,-0.54,-0.54,-0.54,-0.54,-0.54,-0.54,-0.54,-0.54,-0.54,-0.54,-0.54,-0.54,-0.54,-0.54,-0.54,-0.54,-0.54,-0.54,-0.54,-0.54,-0.54,-0.54,-0.54,-0.54,-0.54,-0.54,-0.54,-0.54,-0.54,-0.54,-0.54,-0.54,-0.54,-0.54,-0.54,-0.54,-0.54,-0.54,-0.54,-0.54,-0.54,-0.54,-0.54,-0.54,-0.54,-0.54,-0.54,-0.54,-0.54,-0.54,-0.54,-0.54,-0.54,-0.54,-0.54,-0.54,-0.54,-0.54,-0.54,-0.54,-0.54,-0.54,-0.54,-0.54,-0.54,-0.54,-0.54,-0.54,-0.54,-0.54,-0.54,-0.54,-0.54,-0.54,-0.54,-0.54,-0.54,-0.54,-0.54,-0.54,-0.54,-0.54,-0.54,-0.54,-0.54,-0.54,-0.54,-0.54,-0.54,-0.54,-0.54,-0.54,-0.54,-0.54,-0.53,-0.5,-0.46,-0.42,-0.36,-0.31,-0.25,-0.19,-0.14,-0.1,-0.06,-0.03,-0.007,0,0,0,0,0,0,0,0,0,0,0,0,0,0,0,0,0,0,0,0,0,0,0,0,0,0,0,0,0,0,0,0,0,0,0,0,0,0,0,0,0,0,0,0,0,0,0,0,0,0,0,0,0,0,0,0,0,0,0,0,0,0,0,0,0,0,0,0,0,0,0,0,0,0,0,0,0,0,0,0,0,0,0,0
PARAM_BROW_L_FORM=0,0,0,0,0,0,0,0,0,0,0,0,0,0,0,0,0,0.019,0.07,0.14,0.23,0.33,0.43,0.54,0.64,0.74,0.82,0.89,0.95,0.99,1,1,1,1,1,1,1,1,1,1,1,1,1,1,1,1,1,1,1,1,1,1,1,1,1,1,1,1,1,1,1,1,1,1,1,1,1,1,1,1,1,1,1,1,1,1,1,1,1,1,1,1,1,1,1,1,1,1,1,1,1,1,1,1,1,1,1,1,1,1,1,1,1,1,1,1,1,1,1,1,1,1,1,1,1,1,1,1,1,1,1,1,1,1,1,1,1,1,1,1,1,1,1,1,1,1,1,1,1,1,1,1,1,1,1,1,1,1,1,1,1,1,1,1,1,1,1,1,1,1,1,1,1,1,1,1,1,1,1,1,1,1,1,1,1,1,1,1,1,1,1,1,1,1,1,1,1,1,1,1,1,1,1,1,1,1,1,1,1,1,1,1,1,1,1,1,1,1,1,1,1,1,1,1,1,1,1,1,1,1,1,1,1,1,1,1,1,1,1,1,1,1,1,1,1,1,1,1,1,1,1,1,1,1,1,1,1,1,1,1,1,1,1,1,1,1,1,1,1,1,1,1,1,1,1,1,1,1,1,1,1,1,1,0.981,0.93,0.86,0.77,0.67,0.57,0.46,0.36,0.26,0.18,0.11,0.05,0.01,0,0,0,0,0,0,0,0,0,0,0,0,0,0,0,0,0,0,0,0,0,0,0,0,0,0,0,0,0,0,0,0,0,0,0,0,0,0,0,0,0,0,0,0,0,0,0,0,0,0,0,0,0,0,0,0,0,0,0,0,0,0,0,0,0,0,0,0,0,0,0,0,0,0,0,0,0,0,0,0,0,0,0,0
PARAM_BROW_R_FORM=0,0,0,0,0,0,0,0,0,0,0,0,0,0,0,0,0,0.019,0.07,0.14,0.23,0.33,0.43,0.54,0.64,0.74,0.82,0.89,0.95,0.99,1,1,1,1,1,1,1,1,1,1,1,1,1,1,1,1,1,1,1,1,1,1,1,1,1,1,1,1,1,1,1,1,1,1,1,1,1,1,1,1,1,1,1,1,1,1,1,1,1,1,1,1,1,1,1,1,1,1,1,1,1,1,1,1,1,1,1,1,1,1,1,1,1,1,1,1,1,1,1,1,1,1,1,1,1,1,1,1,1,1,1,1,1,1,1,1,1,1,1,1,1,1,1,1,1,1,1,1,1,1,1,1,1,1,1,1,1,1,1,1,1,1,1,1,1,1,1,1,1,1,1,1,1,1,1,1,1,1,1,1,1,1,1,1,1,1,1,1,1,1,1,1,1,1,1,1,1,1,1,1,1,1,1,1,1,1,1,1,1,1,1,1,1,1,1,1,1,1,1,1,1,1,1,1,1,1,1,1,1,1,1,1,1,1,1,1,1,1,1,1,1,1,1,1,1,1,1,1,1,1,1,1,1,1,1,1,1,1,1,1,1,1,1,1,1,1,1,1,1,1,1,1,1,1,1,1,1,1,1,1,1,1,1,0.981,0.93,0.86,0.77,0.67,0.57,0.46,0.36,0.26,0.18,0.11,0.05,0.01,0,0,0,0,0,0,0,0,0,0,0,0,0,0,0,0,0,0,0,0,0,0,0,0,0,0,0,0,0,0,0,0,0,0,0,0,0,0,0,0,0,0,0,0,0,0,0,0,0,0,0,0,0,0,0,0,0,0,0,0,0,0,0,0,0,0,0,0,0,0,0,0,0,0,0,0,0,0,0,0,0,0,0,0
PARAM_MOUTH_OPEN_Y=0,0.24,0.64,0.91,1,1,1,1,1,1,1,1,1,1,1,1,1,1,1,1,1,1,1,1,1,1,1,1,1,1,1,1,1,1,1,1,1,1,1,1,1,1,1,1,1,1,1,1,1,1,1,1,1,1,1,1,1,1,1,1,1,1,1,1,1,1,1,1,1,1,1,1,1,1,1,1,1,1,1,1,1,1,1,1,1,1,1,1,1,1,1,1,1,1,1,1,1,1,1,1,1,1,1,1,1,1,1,1,1,1,1,1,1,1,1,1,1,1,1,1,1,1,1,1,1,1,1,1,1,1,1,1,1,1,1,1,1,1,1,1,1,1,1,1,1,1,1,1,1,1,1,1,1,1,1,1,1,1,1,1,1,1,1,1,1,1,1,1,1,1,1,1,1,1,1,1,1,1,1,1,1,1,1,1,1,1,1,1,1,1,1,1,1,1,1,1,1,1,1,1,1,1,1,1,1,1,1,1,1,1,1,1,1,1,1,1,1,1,1,1,1,1,1,1,1,1,1,1,1,1,1,1,1,1,1,1,1,1,1,1,1,1,1,1,1,1,1,1,1,1,1,1,1,1,1,1,1,1,1,1,1,1,1,1,1,1,1,1,1,1,1,1,1,1,1,1,1,1,1,1,1,1,1,1,1,1,1,0.98,0.93,0.85,0.75,0.63,0.51,0.4,0.29,0.19,0.11,0.05,0.01,0,0,0,0,0,0,0,0,0,0,0,0,0,0,0,0,0,0,0,0,0,0,0,0,0,0,0,0,0,0,0,0,0,0,0,0,0,0,0,0,0,0,0,0,0,0,0,0,0,0,0,0,0,0,0,0,0,0,0,0,0,0,0,0,0,0,0,0,0,0,0
PARAM_BODY_ANGLE_X=0,0,0,0,0,-0.07,-0.25,-0.54,-0.93,-1.39,-1.94,-2.54,-3.18,-3.87,-4.58,-5.28,-6,-6.76,-7.39,-7.93,-8.38,-8.76,-9.07,-9.33,-9.53,-9.69,-9.81,-9.9,-9.96,-9.99,-10,-10,-10,-10,-10,-10,-10,-10,-10,-10,-10,-10,-10,-10,-10,-10,-10,-10,-10,-10,-10,-10,-10,-10,-10,-10,-10,-10,-10,-10,-10,-10,-10,-10,-10,-10,-10,-10,-10,-10,-10,-10,-10,-10,-10,-10,-10,-10,-10,-10,-10,-10,-10,-10,-10,-10,-10,-10,-10,-10,-10,-10,-10,-10,-10,-10,-10,-10,-10,-10,-10,-10,-10,-10,-10,-10,-10,-10,-10,-10,-10,-10,-10,-10,-10,-10,-10,-10,-10,-10,-10,-10,-10,-10,-10,-10,-10,-10,-10,-10,-10,-10,-10,-10,-10,-10,-10,-10,-10,-10,-10,-10,-10,-10,-10,-10,-10,-10,-10,-10,-10,-10,-10,-10,-10,-10,-10,-10,-10,-10,-10,-10,-10,-10,-10,-10,-10,-10,-10,-10,-10,-10,-10,-10,-10,-10,-10,-10,-10,-10,-10,-10,-10,-10,-10,-10,-10,-10,-10,-10,-10,-10,-10,-10,-10,-10,-10,-10,-10,-10,-10,-10,-10,-10,-10,-10,-10,-10,-10,-10,-10,-10,-10,-10,-10,-10,-10,-10,-10,-10,-10,-10,-10,-10,-10,-10,-10,-10,-10,-10,-10,-10,-10,-10,-10,-10,-10,-10,-10,-10,-10,-10,-10,-10,-10,-10,-10,-10,-10,-10,-10,-10,-10,-10,-10,-10,-10,-10,-10,-10,-10,-10,-10,-10,-10,-10,-10,-10,-10,-10,-10,-10,-10,-9.984,-9.93,-9.85,-9.73,-9.57,-9.37,-9.12,-8.83,-8.49,-8.1,-7.67,-7.17,-6.61,-6,-5.24,-4.51,-3.81,-3.13,-2.51,-1.94,-1.43,-1,-0.64,-0.36,-0.16,-0.04,0,0,0,0,0,0,0,0,0,0,0,0,0,0,0,0,0,0,0,0,0,0,0,0,0,0,0,0,0,0,0,0,0,0,0,0,0,0,0,0,0,0,0,0,0,0,0,0,0,0,0,0,0,0,0,0,0,0,0,0,0,0,0,0,0,0,0,0,0,0,0
PARAM_BODY_ANGLE_Y=0,0,0,0,0,-0.11,-0.4,-0.85,-1.45,-2.13,-2.9,-3.71,-4.52,-5.34,-6.11,-6.8,-7.4,-7.97,-8.43,-8.8,-9.11,-9.35,-9.54,-9.69,-9.8,-9.88,-9.93,-9.97,-9.989,-9.998,-10,-10,-10,-10,-10,-10,-10,-10,-10,-10,-10,-10,-10,-10,-10,-10,-10,-10,-10,-10,-10,-10,-10,-10,-10,-10,-10,-10,-10,-10,-10,-10,-10,-10,-10,-10,-10,-10,-10,-10,-10,-10,-10,-10,-10,-10,-10,-10,-10,-10,-10,-10,-10,-10,-10,-10,-10,-10,-10,-10,-10,-10,-10,-10,-10,-10,-10,-10,-10,-10,-10,-10,-10,-10,-10,-10,-10,-10,-10,-10,-10,-10,-10,-10,-10,-10,-10,-10,-10,-10,-10,-10,-10,-10,-10,-10,-10,-10,-10,-10,-10,-10,-10,-10,-10,-10,-10,-10,-10,-10,-10,-10,-10,-10,-10,-10,-10,-10,-10,-10,-10,-10,-10,-10,-10,-10,-10,-10,-10,-10,-10,-10,-10,-10,-10,-10,-10,-10,-10,-10,-10,-10,-10,-10,-10,-10,-10,-10,-10,-10,-10,-10,-10,-10,-10,-10,-10,-10,-10,-10,-10,-10,-10,-10,-10,-10,-10,-10,-10,-10,-10,-10,-10,-10,-10,-10,-10,-10,-10,-10,-10,-10,-10,-10,-10,-10,-10,-10,-10,-10,-10,-10,-10,-10,-10,-10,-10,-10,-10,-10,-10,-10,-10,-10,-10,-10,-10,-10,-10,-10,-10,-10,-10,-10,-10,-10,-10,-10,-10,-10,-10,-10,-10,-10,-10,-10,-10,-10,-10,-10,-10,-10,-10,-10,-10,-10,-10,-10,-10,-10,-10,-10,-10,-9.997,-9.984,-9.95,-9.9,-9.83,-9.72,-9.59,-9.41,-9.2,-8.94,-8.64,-8.28,-7.87,-7.4,-6.76,-6.05,-5.28,-4.48,-3.69,-2.92,-2.2,-1.57,-1.03,-0.59,-0.26,-0.07,0,0,0,0,0,0,0,0,0,0,0,0,0,0,0,0,0,0,0,0,0,0,0,0,0,0,0,0,0,0,0,0,0,0,0,0,0,0,0,0,0,0,0,0,0,0,0,0,0,0,0,0,0,0,0,0,0,0,0,0,0,0,0,0,0,0,0,0,0,0,0
PARAM_BODY_ANGLE_Z=0,0,0,0,0,-0.018,-0.07,-0.15,-0.27,-0.41,-0.58,-0.78,-1,-1.25,-1.51,-1.79,-2.1,-2.44,-2.73,-2.98,-3.21,-3.4,-3.56,-3.69,-3.81,-3.9,-3.98,-4.03,-4.07,-4.09,-4.1,-4.1,-4.1,-4.1,-4.1,-4.1,-4.1,-4.1,-4.1,-4.1,-4.1,-4.1,-4.1,-4.1,-4.1,-4.1,-4.1,-4.1,-4.1,-4.1,-4.1,-4.1,-4.1,-4.1,-4.1,-4.1,-4.1,-4.1,-4.1,-4.1,-4.1,-4.1,-4.1,-4.1,-4.1,-4.1,-4.1,-4.1,-4.1,-4.1,-4.1,-4.1,-4.1,-4.1,-4.1,-4.1,-4.1,-4.1,-4.1,-4.1,-4.1,-4.1,-4.1,-4.1,-4.1,-4.1,-4.1,-4.1,-4.1,-4.1,-4.1,-4.1,-4.1,-4.1,-4.1,-4.1,-4.1,-4.1,-4.1,-4.1,-4.1,-4.1,-4.1,-4.1,-4.1,-4.1,-4.1,-4.1,-4.1,-4.1,-4.1,-4.1,-4.1,-4.1,-4.1,-4.1,-4.1,-4.1,-4.1,-4.1,-4.1,-4.1,-4.1,-4.1,-4.1,-4.1,-4.1,-4.1,-4.1,-4.1,-4.1,-4.1,-4.1,-4.1,-4.1,-4.1,-4.1,-4.1,-4.1,-4.1,-4.1,-4.1,-4.1,-4.1,-4.1,-4.1,-4.1,-4.1,-4.1,-4.1,-4.1,-4.1,-4.1,-4.1,-4.1,-4.1,-4.1,-4.1,-4.1,-4.1,-4.1,-4.1,-4.1,-4.1,-4.1,-4.1,-4.1,-4.1,-4.1,-4.1,-4.1,-4.1,-4.1,-4.1,-4.1,-4.1,-4.1,-4.1,-4.1,-4.1,-4.1,-4.1,-4.1,-4.1,-4.1,-4.1,-4.1,-4.1,-4.1,-4.1,-4.1,-4.1,-4.1,-4.1,-4.1,-4.1,-4.1,-4.1,-4.1,-4.1,-4.1,-4.1,-4.1,-4.1,-4.1,-4.1,-4.1,-4.1,-4.1,-4.1,-4.1,-4.1,-4.1,-4.1,-4.1,-4.1,-4.1,-4.1,-4.1,-4.1,-4.1,-4.1,-4.1,-4.1,-4.1,-4.1,-4.1,-4.1,-4.1,-4.1,-4.1,-4.1,-4.1,-4.1,-4.1,-4.1,-4.1,-4.1,-4.1,-4.1,-4.1,-4.1,-4.1,-4.1,-4.1,-4.1,-4.1,-4.1,-4.1,-4.1,-4.1,-4.1,-4.1,-4.1,-4.1,-4.1,-4.1,-4.1,-4.1,-4.1,-4.1,-4.1,-4.1,-4.1,-4.1,-4.1,-4.1,-4.1,-4.1,-4.1,-4.1,-4.1,-4.1,-4.088,-4.05,-4,-3.92,-3.83,-3.71,-3.58,-3.42,-3.25,-3.06,-2.85,-2.62,-2.37,-2.1,-1.78,-1.49,-1.22,-0.98,-0.77,-0.58,-0.42,-0.29,-0.18,-0.1,-0.04,-0.01,0,0,0,0,0,0,0,0,0,0,0,0,0,0,0,0,0,0,0,0,0,0,0,0,0,0,0,0,0,0,0,0,0,0,0,0,0,0,0,0,0,0,0,0,0,0,0,0,0,0,0,0,0,0,0,0,0,0,0,0,0,0,0,0,0,0,0,0,0,0,0
PARAM_BREATH=0
PARAM_HAIR_FRONT=0
PARAM_HAIR_SIDE=0
PARAM_HAIR_BACK=0
PARAM_ARM_L=0,0,0,0,0,-0.09,-0.35,-0.76,-1.29,-1.91,-2.61,-3.36,-4.12,-4.9,-5.66,-6.36,-7,-7.63,-8.15,-8.57,-8.92,-9.2,-9.43,-9.6,-9.74,-9.84,-9.91,-9.95,-9.98,-9.996,-10,-10,-10,-10,-10,-10,-10,-10,-10,-10,-10,-10,-10,-10,-10,-10,-10,-10,-10,-10,-10,-10,-10,-10,-10,-10,-10,-10,-10,-10,-10,-10,-10,-10,-10,-10,-10,-10,-10,-10,-10,-10,-10,-10,-10,-10,-10,-10,-10,-10,-10,-10,-10,-10,-10,-10,-10,-10,-10,-10,-10,-10,-10,-10,-10,-10,-10,-10,-10,-10,-10,-10,-10,-10,-10,-10,-10,-10,-10,-10,-10,-10,-10,-10,-10,-10,-10,-10,-10,-10,-10,-10,-10,-10,-10,-10,-10,-10,-10,-10,-10,-10,-10,-10,-10,-10,-10,-10,-10,-10,-10,-10,-10,-10,-10,-10,-10,-10,-10,-10,-10,-10,-10,-10,-10,-10,-10,-10,-10,-10,-10,-10,-10,-10,-10,-10,-10,-10,-10,-10,-10,-10,-10,-10,-10,-10,-10,-10,-10,-10,-10,-10,-10,-10,-10,-10,-10,-10,-10,-10,-10,-10,-10,-10,-10,-10,-10,-10,-10,-10,-10,-10,-10,-10,-10,-10,-10,-10,-10,-10,-10,-10,-10,-10,-10,-10,-10,-10,-10,-10,-10,-10,-10,-10,-10,-10,-10,-10,-10,-10,-10,-10,-10,-10,-10,-10,-10,-10,-10,-10,-10,-10,-10,-10,-10,-10,-10,-10,-10,-10,-10,-10,-10,-10,-10,-10,-10,-10,-10,-10,-10,-10,-10,-10,-10,-10,-10,-10,-10,-10,-10,-10,-10,-9.75,-9.11,-8.16,-7,-5.71,-4.35,-2.99,-1.66,-0.42,0.71,1.63,2.36,2.84,3,2.94,2.78,2.54,2.24,1.9,1.54,1.19,0.87,0.58,0.34,0.15,0.04,0,0,0,0,0,0,0,0,0,0,0,0,0,0,0,0,0,0,0,0,0,0,0,0,0,0,0,0,0,0,0,0,0,0,0,0,0,0,0,0,0,0,0,0,0,0,0,0,0,0,0,0,0,0,0,0,0,0,0,0,0,0,0,0,0,0,0,0,0,0,0
PARAM_ARM_R=0,0,0,0,0,0,0,0,0,0,0,0,0,0,0,0,0,0,0,0,0,0,0,0,-0.02,-0.09,-0.2,-0.34,-0.51,-0.72,-0.96,-1.23,-1.51,-1.82,-2.15,-2.49,-2.85,-3.21,-3.59,-3.97,-4.36,-4.75,-5.15,-5.54,-5.93,-6.3,-6.68,-7.04,-7.39,-7.73,-8.05,-8.36,-8.65,-8.91,-9.15,-9.36,-9.55,-9.71,-9.83,-9.92,-9.98,-10,-10,-10,-10,-10,-10,-10,-10,-10,-10,-10,-10,-10,-10,-10,-10,-10,-10,-10,-10,-10,-10,-10,-10,-10,-10,-10,-10,-10,-10,-10,-10,-10,-10,-10,-10,-10,-10,-10,-10,-10,-10,-10,-10,-10,-10,-10,-10,-10,-10,-10,-10,-10,-10,-10,-10,-10,-10,-10,-10,-10,-10,-10,-10,-10,-10,-10,-10,-10,-10,-10,-10,-10,-10,-10,-10,-10,-10,-10,-10,-10,-10,-10,-10,-10,-10,-10,-10,-10,-10,-10,-10,-10,-10,-10,-10,-10,-10,-10,-10,-10,-10,-10,-10,-10,-10,-10,-10,-10,-10,-10,-10,-10,-10,-10,-10,-10,-10,-10,-10,-10,-10,-10,-10,-10,-10,-10,-10,-10,-10,-10,-10,-10,-10,-10,-10,-10,-10,-10,-10,-10,-10,-10,-10,-10,-10,-10,-10,-10,-10,-10,-10,-10,-10,-10,-10,-10,-10,-10,-10,-10,-10,-10,-10,-10,-10,-10,-10,-10,-10,-10,-10,-10,-10,-10,-10,-10,-10,-10,-10,-10,-10,-10,-10,-10,-10,-10,-10,-10,-10,-10,-10,-10,-10,-10,-10,-10,-10,-10,-10,-10,-10,-10,-10,-10,-10,-10,-10,-10,-10,-10,-10,-10,-10,-10,-9.95,-9.8,-9.57,-9.26,-8.88,-8.44,-7.94,-7.41,-6.84,-6.23,-5.63,-5,-4.37,-3.77,-3.16,-2.59,-2.06,-1.56,-1.12,-0.74,-0.43,-0.2,-0.05,0,0,0,0,0,0,0,0,0,0,0,0,0,0,0,0,0,0,0,0,0,0,0,0,0,0,0,0,0,0,0,0,0,0,0,0,0,0,0,0,0,0,0,0,0,0,0,0,0,0,0,0,0,0,0,0,0,0,0,0,0,0,0,0,0,0,0,0,0,0,0
PARAM_HAND_R=0,0,0,0,0,0,0,0,0,0,0,0,0,0,0,0,0,0,0,0,0,0,0,0,0,0,0.001,0.002,0.003,0.005,0.007,0.009,0.012,0.015,0.019,0.023,0.028,0.033,0.039,0.046,0.053,0.06,0.069,0.078,0.087,0.098,0.109,0.121,0.133,0.147,0.161,0.176,0.192,0.209,0.227,0.246,0.266,0.29,0.31,0.33,0.36,0.38,0.41,0.44,0.48,0.51,0.55,0.58,0.62,0.66,0.69,0.73,0.76,0.79,0.83,0.86,0.88,0.91,0.93,0.951,0.968,0.982,0.992,0.998,1,0.999,0.994,0.988,0.979,0.968,0.956,0.943,0.929,0.913,0.898,0.882,0.867,0.851,0.837,0.824,0.812,0.801,0.792,0.786,0.781,0.78,0.781,0.786,0.792,0.801,0.812,0.824,0.837,0.851,0.867,0.882,0.898,0.913,0.929,0.943,0.956,0.968,0.979,0.988,0.994,0.999,1,0.998,0.993,0.985,0.974,0.961,0.947,0.932,0.917,0.9,0.884,0.868,0.852,0.838,0.824,0.812,0.801,0.792,0.786,0.781,0.78,0.781,0.786,0.792,0.801,0.812,0.824,0.837,0.851,0.867,0.882,0.898,0.913,0.929,0.943,0.956,0.968,0.979,0.988,0.994,0.999,1,0.999,0.996,0.992,0.986,0.98,0.972,0.964,0.955,0.945,0.936,0.926,0.917,0.907,0.898,0.889,0.881,0.874,0.867,0.861,0.856,0.853,0.851,0.85,0.85,0.853,0.856,0.861,0.867,0.873,0.881,0.889,0.897,0.906,0.916,0.925,0.934,0.944,0.953,0.961,0.969,0.977,0.983,0.989,0.994,0.997,0.999,1,0.999,0.996,0.992,0.986,0.979,0.971,0.961,0.952,0.942,0.931,0.921,0.911,0.901,0.892,0.883,0.875,0.868,0.862,0.857,0.853,0.851,0.85,0.85,0.85,0.85,0.85,0.85,0.85,0.85,0.85,0.85,0.85,0.85,0.85,0.85,0.85,0.85,0.85,0.85,0.85,0.85,0.85,0.85,0.85,0.85,0.85,0.85,0.85,0.85,0.85,0.85,0.85,0.85,0.85,0.85,0.85,0.85,0.85,0.85,0.85,0.85,0.846,0.833,0.813,0.79,0.75,0.72,0.67,0.63,0.58,0.53,0.48,0.43,0.37,0.32,0.27,0.22,0.18,0.13,0.1,0.06,0.04,0.017,0.004,0,0,0,0,0,0,0,0,0,0,0,0,0,0,0,0,0,0,0,0,0,0,0,0,0,0,0,0,0,0,0,0,0,0,0,0,0,0,0,0,0,0,0,0,0,0,0,0,0,0,0,0,0,0,0,0,0,0,0,0,0,0,0,0,0,0,0,0,0,0,0
PARAM_ARMU_R=0,0,0,0,0,0,0,0,0,0,0,0,0,0,0,0,0,0,0,0,0,0,0,0,0.002,0.009,0.02,0.034,0.051,0.07,0.1,0.12,0.15,0.18,0.21,0.25,0.28,0.32,0.36,0.4,0.44,0.48,0.51,0.55,0.59,0.63,0.67,0.7,0.74,0.77,0.81,0.84,0.86,0.89,0.91,0.94,0.955,0.971,0.983,0.992,0.998,1,1,1,1,1,1,1,1,1,1,1,1,1,1,1,1,1,1,1,1,1,1,1,1,1,1,1,1,1,1,1,1,1,1,1,1,1,1,1,1,1,1,1,1,1,1,1,1,1,1,1,1,1,1,1,1,1,1,1,1,1,1,1,1,1,1,1,1,1,1,1,1,1,1,1,1,1,1,1,1,1,1,1,1,1,1,1,1,1,1,1,1,1,1,1,1,1,1,1,1,1,1,1,1,1,1,1,1,1,1,1,1,1,1,1,1,1,1,1,1,1,1,1,1,1,1,1,1,1,1,1,1,1,1,1,1,1,1,1,1,1,1,1,1,1,1,1,1,1,1,1,1,1,1,1,1,1,1,1,1,1,1,1,1,1,1,1,1,1,1,1,1,1,1,1,1,1,1,1,1,1,1,1,1,1,1,1,1,1,1,1,1,1,1,1,1,1,1,1,1,1,1,1,1,1,1,1,1,1,1,1,1,1,1,1,0.995,0.98,0.96,0.93,0.89,0.84,0.79,0.74,0.68,0.62,0.56,0.5,0.44,0.38,0.32,0.26,0.21,0.16,0.11,0.07,0.04,0.02,0.005,0,0,0,0,0,0,0,0,0,0,0,0,0,0,0,0,0,0,0,0,0,0,0,0,0,0,0,0,0,0,0,0,0,0,0,0,0,0,0,0,0,0,0,0,0,0,0,0,0,0,0,0,0,0,0,0,0,0,0,0,0,0,0,0,0,0,0,0,0,0,0
PARAM_BOW=0
PARAM_SKIRT2=0
PARAM_SKIRT=0
PARAM_ANGLE_CY=30,30,30,30,30,29.73,28.97,27.79,26.23,24.39,22.31,20.05,17.71,15.31,12.9,10.58,8.4,6.36,4.56,2.99,1.72,0.79,0.2,0,0,0,0,0,0,0,0,0,0,0,0,0,0,0,0,0,0,0,0,0,0,0,0,0,0,0,0,0,0,0,0,0,0,0,0,0,0,0,0.19,0.74,1.61,2.72,4.08,5.59,7.26,9.04,10.92,12.81,14.76,16.69,18.57,20.43,22.16,23.78,25.28,26.62,27.77,28.71,29.41,29.85,30,29.85,29.41,28.73,27.82,26.7,25.43,24.05,22.53,20.94,19.31,17.69,16.06,14.47,12.95,11.57,10.3,9.18,8.27,7.59,7.15,7,7.15,7.59,8.27,9.18,10.3,11.57,12.95,14.47,16.06,17.69,19.31,20.94,22.53,24.05,25.43,26.7,27.82,28.73,29.41,29.85,30,29.83,29.33,28.59,27.63,26.49,25.21,23.84,22.41,20.94,19.44,17.99,16.58,15.23,14,12.87,11.9,11.1,10.51,10.13,10,10.13,10.51,11.1,11.9,12.87,13.98,15.18,16.49,17.88,19.3,20.7,22.12,23.51,24.82,26.02,27.13,28.1,28.9,29.49,29.87,30,29.93,29.73,29.41,29,28.51,27.95,27.34,26.68,26,25.3,24.59,23.88,23.19,22.51,21.88,21.28,20.73,20.24,19.82,19.47,19.21,19.06,19,19.06,19.21,19.47,19.82,20.23,20.72,21.27,21.85,22.48,23.14,23.81,24.5,25.19,25.86,26.52,27.15,27.73,28.28,28.77,29.18,29.53,29.79,29.94,30,30,30,30,30,30,30,30,30,30,30,30,30,30,30,30,30,30,30,30,30,30,30,30,30,30,30,30,30,30,30,30,30,30,30,30,30,30,30,30,30,30,30,30,30,30,30,30,30,30,30,30,30,30,30,30,30,30,30,30,30,30,30,30,30,30,30,30,30,30,30,30,30,30,30,30,30,30,30,30,30,30,30,30,30,30,30,30,30,30,30,30,30,30,30,30,30,30,30,30,30,30,30,30,30,30,30,30,30,30,30,30,30,30,30,30,30,30,30,30,30,30,30,30,30,30,30,30,30,30,30,30,30,30,30,30,30,30,30,30,30,30,30,30,30,30,30,30,30,30,30,30,30,30,30,30
PARAM_ANGLE_CZ=0,0,0,0,0,0.09,0.35,0.77,1.33,1.99,2.75,3.61,4.49,5.43,6.4,7.37,8.31,9.24,10.12,10.94,11.69,12.35,12.92,13.38,13.72,13.93,14,13.97,13.88,13.75,13.56,13.33,13.05,12.74,12.39,12.02,11.62,11.19,10.74,10.27,9.79,9.3,8.8,8.31,7.81,7.32,6.84,6.37,5.92,5.48,5.07,4.68,4.32,4,3.69,3.4,3.13,2.87,2.63,2.4,2.18,1.98,1.79,1.61,1.45,1.29,1.15,1.02,0.9,0.79,0.69,0.6,0.52,0.44,0.37,0.31,0.26,0.21,0.17,0.14,0.11,0.08,0.06,0.043,0.03,0.019,0.011,0.006,0.002,0.001,0,0,0,0,0,0,0,0,0,0,0,0,0,0,0,0,0,0,0,0.008,0.03,0.07,0.12,0.2,0.28,0.38,0.5,0.63,0.78,0.94,1.12,1.32,1.53,1.75,1.99,2.25,2.52,2.81,3.11,3.43,3.77,4.11,4.48,4.86,5.26,5.67,6.1,6.54,7,7.46,7.9,8.33,8.74,9.14,9.52,9.89,10.23,10.57,10.89,11.19,11.48,11.75,12.01,12.25,12.47,12.68,12.88,13.06,13.22,13.37,13.5,13.62,13.72,13.8,13.88,13.93,13.97,13.99,14,13.92,13.68,13.31,12.82,12.24,11.59,10.88,10.15,9.4,8.64,7.92,7.23,6.6,6.03,5.54,5.14,4.85,4.67,4.6,4.67,4.85,5.13,5.53,6.01,6.58,7.22,7.91,8.66,9.45,10.28,11.13,12,13.09,13.59,13.85,13.97,14,13.97,13.89,13.75,13.56,13.32,13.02,12.68,12.28,11.84,11.35,10.82,10.25,9.64,9,8.31,7.6,6.72,6,5.45,5.05,4.79,4.65,4.6,4.63,4.7,4.82,4.98,5.19,5.42,5.69,5.99,6.31,6.66,7.02,7.41,7.81,8.21,8.62,9.04,9.46,9.87,10.29,10.69,11.08,11.46,11.82,12.16,12.48,12.78,13.05,13.29,13.49,13.67,13.81,13.92,13.98,14,13.98,13.9,13.79,13.63,13.43,13.19,12.92,12.62,12.29,11.94,11.55,11.14,10.71,10.27,9.82,9.35,8.88,8.39,7.9,7.41,6.92,6.43,5.95,5.48,5.02,4.57,4.14,3.72,3.33,2.96,2.59,2.26,1.96,1.69,1.45,1.23,1.04,0.87,0.72,0.58,0.47,0.37,0.29,0.22,0.17,0.12,0.08,0.05,0.03,0.018,0.008,0.002,0,0,0,0,0.05,0.18,0.39,0.68,1.04,1.46,1.93,2.45,3.02,3.62,4.27,4.93,5.61,6.3,7,7.7,8.39,9.07,9.73,10.38,10.98,11.55,12.07,12.54,12.96,13.32,13.61,13.82,13.95,14,13.91,13.64,13.23,12.67,11.99,11.22,10.38,9.45,8.49,7.49,6.51,5.51,4.55,3.62,2.78,2.01,1.33,0.77,0.36,0.09,0
PARAM_BODY_ANGLE_CY=0
PARAM_BODY_ANGLE_CZ=0,0,0,0,0,0.007,0.025,0.06,0.09,0.14,0.2,0.26,0.32,0.39,0.46,0.53,0.59,0.66,0.72,0.78,0.83,0.88,0.92,0.96,0.98,0.995,1,0.996,0.984,0.966,0.94,0.91,0.87,0.83,0.79,0.74,0.69,0.64,0.58,0.53,0.47,0.42,0.36,0.31,0.26,0.21,0.17,0.13,0.09,0.06,0.03,0.016,0.004,0,0,0,0,0,0,0,0,0,0,0,0,0,0,0,0,0,0,0,0,0,0,0,0,0,0,0,0,0,0,0,0,0,0,0,0,0,0,0,0,0,0,0,0,0,0,0,0,0,0,0,0,0,0,0,0,0,0,0,0,0.001,0,0.003,0.004,0.005,0.006,0.008,0.01,0.012,0.014,0.017,0.02,0.024,0.028,0.032,0.037,0.042,0.047,0.053,0.06,0.067,0.074,0.082,0.091,0.1,0.11,0.12,0.131,0.141,0.152,0.163,0.174,0.185,0.195,0.206,0.217,0.228,0.238,0.248,0.258,0.268,0.277,0.286,0.295,0.303,0.311,0.318,0.324,0.33,0.335,0.34,0.343,0.346,0.349,0.35,0.35,0.349,0.346,0.342,0.335,0.328,0.319,0.31,0.301,0.291,0.282,0.272,0.264,0.255,0.248,0.242,0.237,0.233,0.231,0.23,0.231,0.233,0.238,0.243,0.25,0.257,0.265,0.274,0.283,0.291,0.3,0.308,0.316,0.322,0.328,0.332,0.335,0.336,0.34,0.334,0.332,0.33,0.327,0.323,0.319,0.315,0.31,0.305,0.3,0.294,0.288,0.283,0.277,0.271,0.265,0.259,0.253,0.247,0.241,0.236,0.23,0.224,0.219,0.214,0.208,0.203,0.198,0.193,0.188,0.183,0.178,0.173,0.168,0.163,0.159,0.154,0.15,0.146,0.141,0.137,0.133,0.129,0.125,0.121,0.117,0.113,0.11,0.106,0.102,0.099,0.095,0.092,0.089,0.086,0.082,0.079,0.076,0.073,0.07,0.068,0.065,0.062,0.059,0.057,0.054,0.052,0.049,0.047,0.045,0.043,0.04,0.038,0.036,0.034,0.032,0.031,0.029,0.027,0.025,0.024,0.022,0.021,0.019,0.018,0.016,0.015,0.014,0.013,0.012,0.011,0.01,0.009,0.008,0.007,0.01,0.005,0.005,0.004,0,0.003,0,0.002,0,0,0.001,0,0,0,0,0,0,0.003,0.013,0.028,0.049,0.07,0.1,0.14,0.18,0.22,0.26,0.3,0.35,0.4,0.45,0.5,0.55,0.6,0.65,0.7,0.74,0.78,0.82,0.86,0.9,0.93,0.95,0.972,0.987,0.997,1,0.993,0.974,0.94,0.91,0.86,0.8,0.74,0.68,0.61,0.54,0.46,0.39,0.32,0.26,0.2,0.14,0.09,0.06,0.03,0.007,0
PARAM_MOUTH_C=0,0,0,0,0,0.007,0.025,0.06,0.09,0.14,0.2,0.26,0.32,0.39,0.46,0.53,0.59,0.66,0.72,0.78,0.83,0.88,0.92,0.96,0.98,0.995,1,1,1,1,1,1,1,1,1,1,1,1,1,1,1,1,1,1,1,1,1,1,1,1,1,1,1,1,0.998,0.991,0.98,0.966,0.948,0.93,0.9,0.87,0.84,0.81,0.78,0.74,0.7,0.67,0.63,0.59,0.55,0.51,0.46,0.42,0.38,0.34,0.31,0.27,0.23,0.2,0.17,0.14,0.11,0.09,0.07,0.046,0.03,0.017,0.008,0.002,0,0.07,0.21,0.38,0.57,0.73,0.87,0.97,1,1,1,1,1,1,1,1,1,1,1,0.997,0.987,0.972,0.951,0.93,0.9,0.86,0.82,0.78,0.74,0.7,0.65,0.6,0.55,0.5,0.45,0.4,0.35,0.3,0.26,0.22,0.18,0.14,0.1,0.07,0.05,0.028,0.013,0.003,0,0.02,0.07,0.16,0.26,0.38,0.5,0.62,0.74,0.84,0.93,0.98,1,1,1,1,1,1,1,1,1,1,1,1,1,1,1,1,1,1,1,0.991,0.97,0.93,0.87,0.81,0.74,0.67,0.59,0.51,0.43,0.35,0.28,0.21,0.15,0.1,0.06,0.03,0.007,0,0.009,0.03,0.07,0.13,0.19,0.26,0.34,0.42,0.5,0.58,0.66,0.74,0.81,0.87,0.93,0.97,0.99,1,0.994,0.975,0.95,0.91,0.86,0.81,0.76,0.7,0.64,0.57,0.51,0.44,0.38,0.32,0.26,0.21,0.16,0.11,0.07,0.04,0.02,0.005,0,0.03,0.11,0.22,0.35,0.48,0.61,0.74,0.84,0.93,0.98,1,1,1,1,1,1,1,1,1,1,1,1,1,1,1,1,1,1,1,1,1,1,1,1,1,1,1,1,0.98,0.93,0.84,0.74,0.62,0.5,0.38,0.26,0.16,0.07,0.02,0,0,0,0,0,0,0,0,0,0,0,0,0,0,0,0,0,0,0,0,0,0,0,0,0,0,0,0,0,0,0,0,0,0,0,0,0,0,0,0,0,0.003,0.013,0.028,0.049,0.07,0.1,0.14,0.18,0.22,0.26,0.3,0.35,0.4,0.45,0.5,0.55,0.6,0.65,0.7,0.74,0.78,0.82,0.86,0.9,0.93,0.95,0.972,0.987,0.997,1,0.993,0.974,0.94,0.91,0.86,0.8,0.74,0.68,0.61,0.54,0.46,0.39,0.32,0.26,0.2,0.14,0.09,0.06,0.03,0.007,0
PARAM_LEG_C=0
PARAM_TAIL=0
PARAM_HAMMER=0
VISIBLE:PSD=1
VISIBLE:PARTS_01_FACE_001=1
VISIBLE:PARTS_01_EYE_001=1
VISIBLE:PARTS_01_EYE_BALL_001=1
VISIBLE:PARTS_01_BROW_001=1
VISIBLE:PARTS_01_MOUTH_001=1
VISIBLE:PARTS_01_NOSE_001=1
VISIBLE:PARTS_01_EAR_001=1
VISIBLE:PARTS_01_HAIR_FRONT_001=1
VISIBLE:PARTS_01_HAIR_SIDE_001=1
VISIBLE:PARTS_01_HAIR_BACK_001=1
VISIBLE:PARTS_01_NECK=1
VISIBLE:PARTS_01_BODY=1
VISIBLE:PARTS_01_CAT=1
VISIBLE:PARTS_01_HAMMER=1
LAYOUT:X=540
LAYOUT:Y=960
LAYOUT:SCALE_X=1
LAYOUT:SCALE_Y=1