# Live2D Animator Motion Data
$fps=30

$fadein=1000

$fadeout=1000

PARAM_ANGLE_X=0,-0.04,-0.17,-0.37,-0.64,-0.97,-1.36,-1.79,-2.26,-2.77,-3.3,-3.84,-4.4,-4.97,-5.54,-6.08,-6.62,-7.13,-7.61,-8.05,-8.44,-8.79,-9.11,-9.38,-9.64,-9.86,-10.06,-10.23,-10.39,-10.51,-10.62,-10.71,-10.79,-10.85,-10.9,-10.93,-10.96,-10.978,-10.991,-10.998,-11.002,-11.003,-11,-11,-11.002,-10.999,-10.991,-10.977,-10.95,-10.92,-10.87,-10.8,-10.72,-10.61,-10.49,-10.34,-10.17,-9.97,-9.74,-9.49,-9.2,-8.87,-8.51,-8.11,-7.68,-7.21,-6.68,-6.08,-5.44,-4.75,-4.01,-3.26,-2.47,-1.66,-0.86,-0.04,0.78,1.57,2.36,3.13,3.85,4.55,5.21,5.8,6.34,6.83,7.22,7.56,7.8,7.95,8,8,8,8,8,8,8,8,8,8,8,8,8,8,8,8,8,8,8,8,8,8,8,8,8,8,8,8,8,8,8,8,8,8,8,8,8,8,8,8,8,8,8,8,8,8,8,8,8,8,8,8,8,8,7.982,7.93,7.84,7.72,7.56,7.38,7.17,6.93,6.66,6.37,6.06,5.72,5.35,4.97,4.57,4.16,3.72,3.27,2.81,2.34,1.86,1.36,0.86,0.35,-0.16,-0.69,-1.21,-1.74,-2.26,-2.79,-3.31,-3.84,-4.35,-4.86,-5.36,-5.86,-6.34,-6.81,-7.27,-7.72,-8.16,-8.57,-8.97,-9.35,-9.72,-10.06,-10.37,-10.66,-10.93,-11.17,-11.38,-11.56,-11.72,-11.84,-11.93,-11.98,-12,-11.95,-11.82,-11.61,-11.32,-10.97,-10.55,-10.08,-9.55,-8.97,-8.37,-7.71,-7.02,-6.31,-5.58,-4.82,-4.05,-3.27,-2.5,-1.71,-0.92,-0.15,0.61,1.35,2.08,2.78,3.46,4.11,4.72,5.29,5.81,6.29,6.73,7.1,7.41,7.66,7.85,7.96,8,7.985,7.94,7.87,7.78,7.67,7.54,7.38,7.21,7.03,6.83,6.62,6.4,6.17,5.94,5.69,5.44,5.19,4.93,4.68,4.42,4.16,3.91,3.66,3.41,3.17,2.94,2.71,2.5,2.29,2.1,1.92,1.75,1.59,1.44,1.3,1.17,1.05,0.94,0.83,0.74,0.65,0.57,0.49,0.42,0.36,0.31,0.26,0.22,0.18,0.14,0.11,0.09,0.07,0.051,0.037,0.025,0.017,0.01,0.006,0.002,0.001,0,0,0,0,0,0,0,0,0,0,0,0,0,0,0,0,0,0,0,0,0,0,0,0,0,0,0,0,0,0,0,0,0,0,0,0,0,0,0,0,0,0,0,0,0,0,0,0,0,0,0,0,0,0,0,0,0,0,0,0,0,0,0,0,0,0,0,0,0,0
PARAM_ANGLE_Y=0,0,0,0,0,0,0,0,0,0,0,0,0,0,0,0,0,0,0,0,0,0,0,0,0,0,0,0,0,0,0,0,0,0,0,0,0,0,0,0,0,0,0,0,0,0,0,0.003,0.008,0.017,0.032,0.05,0.08,0.12,0.17,0.23,0.3,0.38,0.48,0.59,0.72,0.86,1.01,1.19,1.38,1.59,1.82,2.06,2.37,2.7,3.04,3.38,3.74,4.09,4.44,4.78,5.13,5.46,5.78,6.09,6.39,6.67,6.92,7.15,7.36,7.55,7.71,7.83,7.92,7.98,8,8,8,8,8,8,8,8,8,8,8,8,8,8,8,8,8,8,8,8,8,8,8,8,8,8,8,8,8,8,8,8,8,8,8,8,8,8,8,8,8,8,8,8,8,8,8,8,8,8,8,8,8,8,7.98,7.9,7.78,7.62,7.41,7.17,6.88,6.55,6.19,5.8,5.37,4.92,4.43,3.91,3.37,2.81,2.22,1.62,0.99,0.36,-0.29,-0.96,-1.64,-2.32,-3.02,-3.72,-4.43,-5.14,-5.86,-6.57,-7.28,-7.98,-8.68,-9.36,-10.04,-10.71,-11.36,-11.99,-12.62,-13.22,-13.81,-14.37,-14.91,-15.43,-15.92,-16.37,-16.8,-17.19,-17.55,-17.88,-18.17,-18.41,-18.62,-18.78,-18.9,-18.98,-19,-18.94,-18.78,-18.51,-18.15,-17.72,-17.19,-16.6,-15.93,-15.22,-14.46,-13.64,-12.77,-11.89,-10.97,-10.03,-9.07,-8.09,-7.12,-6.13,-5.15,-4.19,-3.24,-2.31,-1.4,-0.52,0.33,1.14,1.9,2.62,3.27,3.87,4.41,4.87,5.27,5.58,5.81,5.95,6,5.94,5.77,5.5,5.15,4.71,4.21,3.67,3.08,2.46,1.82,1.18,0.54,-0.08,-0.67,-1.21,-1.71,-2.15,-2.5,-2.77,-2.94,-3,-2.989,-2.96,-2.91,-2.85,-2.77,-2.69,-2.59,-2.5,-2.39,-2.29,-2.18,-2.08,-1.98,-1.89,-1.81,-1.73,-1.67,-1.61,-1.57,-1.53,-1.49,-1.45,-1.41,-1.38,-1.34,-1.3,-1.27,-1.23,-1.2,-1.16,-1.13,-1.1,-1.07,-1.03,-1,-0.97,-0.94,-0.91,-0.89,-0.86,-0.83,-0.8,-0.78,-0.75,-0.72,-0.7,-0.67,-0.65,-0.63,-0.6,-0.58,-0.56,-0.54,-0.52,-0.497,-0.477,-0.458,-0.439,-0.42,-0.402,-0.384,-0.367,-0.351,-0.334,-0.318,-0.303,-0.288,-0.274,-0.26,-0.246,-0.233,-0.22,-0.208,-0.196,-0.184,-0.173,-0.162,-0.152,-0.142,-0.132,-0.123,-0.114,-0.105,-0.097,-0.09,-0.082,-0.075,-0.068,-0.062,-0.056,-0.05,-0.045,-0.04,-0.035,-0.031,-0.027,-0.023,-0.019,-0.016,-0.013,-0.011,-0.008,-0.006,-0.005,-0.003,-0.002,-0.001,-0.001,0,0
PARAM_ANGLE_Z=0,0,0,0,0,0,0,0.001,0.002,0.004,0.005,0.007,0.009,0.012,0.014,0.017,0.021,0.024,0.028,0.032,0.037,0.041,0.046,0.052,0.057,0.063,0.069,0.076,0.082,0.089,0.096,0.104,0.112,0.12,0.128,0.137,0.146,0.155,0.164,0.174,0.184,0.194,0.205,0.216,0.227,0.238,0.25,0.261,0.274,0.286,0.299,0.312,0.325,0.338,0.352,0.366,0.38,0.395,0.409,0.425,0.44,0.455,0.471,0.487,0.503,0.52,0.536,0.553,0.571,0.588,0.606,0.624,0.642,0.66,0.679,0.697,0.714,0.732,0.76,0.77,0.786,0.801,0.816,0.831,0.846,0.862,0.879,0.897,0.916,0.935,0.954,0.972,0.992,1.011,1.029,1.046,1.062,1.077,1.091,1.12,1.14,1.157,1.174,1.19,1.206,1.221,1.237,1.26,1.28,1.297,1.311,1.331,1.351,1.37,1.39,1.413,1.429,1.444,1.46,1.49,1.51,1.525,1.54,1.56,1.577,1.61,1.62,1.641,1.652,1.671,1.691,1.71,1.73,1.743,1.77,1.79,1.806,1.82,1.84,1.86,1.875,1.888,1.91,1.93,1.951,1.964,1.99,2.003,2.017,2.029,2.05,2.07,2.086,2.099,2.117,2.135,2.154,2.172,2.19,2.207,2.223,2.239,2.254,2.269,2.284,2.3,2.316,2.332,2.348,2.365,2.38,2.396,2.413,2.429,2.444,2.458,2.471,2.484,2.497,2.513,2.529,2.545,2.561,2.576,2.591,2.606,2.621,2.635,2.649,2.663,2.676,2.689,2.702,2.715,2.727,2.739,2.751,2.763,2.774,2.785,2.795,2.806,2.816,2.826,2.836,2.845,2.854,2.863,2.871,2.88,2.888,2.895,2.903,2.91,2.917,2.923,2.93,2.936,2.941,2.947,2.952,2.957,2.962,2.966,2.97,2.974,2.978,2.981,2.984,2.987,2.989,2.992,2.994,2.995,2.997,2.998,2.999,2.999,3,3,3,3,2.995,2.98,2.96,2.92,2.88,2.83,2.78,2.72,2.65,2.57,2.49,2.41,2.32,2.23,2.13,2.03,1.93,1.83,1.72,1.62,1.51,1.41,1.3,1.2,1.1,1,0.9,0.81,0.71,0.63,0.54,0.46,0.39,0.32,0.26,0.2,0.15,0.1,0.07,0.04,0.02,0.004,0,0,0,0,0,0,0,0,0,0,0,0,0,0,0,0,0,0,0,0,0,0,0,0,0,0,0,0,0,0,0,0,0,0,0,0,0,0,0,0,0,0,0,0,0,0,0,0,0,0,0,0,0,0,0,0,0,0,0,0,0,0,0,0,0,0,0,0,0,0,0,0,0,0,0,0,0,0,0,0,0,0,0,0,0,0
PARAM_EYE_L_OPEN=1,1,1,1,1,1,1,1,1,1,1,1,1,1,1,1,1,1,1,1,1,1,1,1,1,1,1,1,1,1,1,1,1,1,1,1,1,1,1,1,1,1,1,1,1,1,1,1,1,1,1,1,1,1,1,1,1,1,1,1,1,1,1,1,1,1,1,0.74,0.26,0,0,0.18,0.46,0.73,0.92,1,1,1,1,1,1,1,1,1,1,1,1,1,1,1,1,1,1,1,1,1,1,1,1,1,1,1,1,1,1,1,1,1,1,1,1,1,1,1,1,1,1,1,1,1,1,1,1,1,1,1,1,1,1,1,1,1,1,1,1,1,1,1,1,1,1,1,1,1,1,1,1,1,1,1,1,1,0.74,0.26,0,0,0.18,0.46,0.73,0.92,1,1,1,1,1,1,1,1,1,1,1,1,1,1,1,1,1,1,1,1,1,1,1,1,1,1,1,1,1,1,1,1,1,1,1,1,1,1,1,1,1,1,1,1,1,1,1,1,1,1,1,1,0.74,0.26,0,0,0.18,0.46,0.73,0.92,1,1,1,1,1,1,1,1,1,1,1,1,1,1,1,1,1,1,1,1,1,1,1,1,1,1,1,1,1,1,1,1,1,1,1,1,1,1,1,1,1,1,1,1,1,1,1,1,1,1,1,1,1,1,1,1,1,1,1,0.74,0.26,0,0,0.18,0.46,0.73,0.92,1,1,1,1,1,1,1,1,1,1,1,1,1,1,1,1,1,1,1,1,1,1,1,1,1,1,1,1,1,1,1,1,1,1,1,1,1,1,1,1,1,1,1,1,1,1,1,1,1,1,1,1,1,1,1,1,1,1,1,1,1,1,1,1,0.74,0.26,0,0,0.18,0.46,0.73,0.92,1,1,1,1,1,1,1,1,1,1,1
PARAM_EYE_L_SMILE=0
PARAM_EYE_R_OPEN=1,1,1,1,1,1,1,1,1,1,1,1,1,1,1,1,1,1,1,1,1,1,1,1,1,1,1,1,1,1,1,1,1,1,1,1,1,1,1,1,1,1,1,1,1,1,1,1,1,1,1,1,1,1,1,1,1,1,1,1,1,1,1,1,1,1,1,0.74,0.26,0,0,0.18,0.46,0.73,0.92,1,1,1,1,1,1,1,1,1,1,1,1,1,1,1,1,1,1,1,1,1,1,1,1,1,1,1,1,1,1,1,1,1,1,1,1,1,1,1,1,1,1,1,1,1,1,1,1,1,1,1,1,1,1,1,1,1,1,1,1,1,1,1,1,1,1,1,1,1,1,1,1,1,1,1,1,1,0.74,0.26,0,0,0.18,0.46,0.73,0.92,1,1,1,1,1,1,1,1,1,1,1,1,1,1,1,1,1,1,1,1,1,1,1,1,1,1,1,1,1,1,1,1,1,1,1,1,1,1,1,1,1,1,1,1,1,1,1,1,1,1,1,1,0.74,0.26,0,0,0.18,0.46,0.73,0.92,1,1,1,1,1,1,1,1,1,1,1,1,1,1,1,1,1,1,1,1,1,1,1,1,1,1,1,1,1,1,1,1,1,1,1,1,1,1,1,1,1,1,1,1,1,1,1,1,1,1,1,1,1,1,1,1,1,1,1,0.74,0.26,0,0,0.18,0.46,0.73,0.92,1,1,1,1,1,1,1,1,1,1,1,1,1,1,1,1,1,1,1,1,1,1,1,1,1,1,1,1,1,1,1,1,1,1,1,1,1,1,1,1,1,1,1,1,1,1,1,1,1,1,1,1,1,1,1,1,1,1,1,1,1,1,1,1,0.74,0.26,0,0,0.18,0.46,0.73,0.92,1,1,1,1,1,1,1,1,1,1,1
PARAM_EYE_R_SMILE=0
PARAM_EYE_BALL_X=0,0,0,0,0,0,0,0,0,0,0,0,0,0,0,0,0,0,0,0,0,0,0,0,0,0,0,0,0,0,0,0,0,0,0,0,0,0,0,0,0,0,0,0,0,0,0,0,0,0,0,0,0,0,0,0,0,0,0,0,0,0,0,0,0,0,0,0,0,0,0,0,0,0,0,0,0,0,0,-0.007,-0.024,-0.05,-0.09,-0.12,-0.17,-0.21,-0.24,-0.28,-0.31,-0.323,-0.33,-0.33,-0.33,-0.33,-0.33,-0.33,-0.33,-0.33,-0.33,-0.33,-0.33,-0.33,-0.33,-0.33,-0.33,-0.33,-0.33,-0.33,-0.33,-0.33,-0.33,-0.33,-0.33,-0.33,-0.33,-0.33,-0.33,-0.33,-0.33,-0.33,-0.33,-0.33,-0.33,-0.33,-0.33,-0.33,-0.33,-0.33,-0.33,-0.33,-0.33,-0.33,-0.33,-0.33,-0.33,-0.33,-0.33,-0.33,-0.33,-0.33,-0.33,-0.33,-0.33,-0.33,-0.33,-0.33,-0.33,-0.33,-0.33,-0.33,-0.33,-0.33,-0.33,-0.33,-0.33,-0.33,-0.329,-0.326,-0.321,-0.314,-0.306,-0.296,-0.284,-0.272,-0.257,-0.242,-0.226,-0.209,-0.191,-0.172,-0.153,-0.133,-0.11,-0.09,-0.071,-0.05,-0.03,-0.01,0.01,0.04,0.06,0.077,0.1,0.117,0.136,0.154,0.172,0.189,0.205,0.22,0.234,0.247,0.259,0.269,0.278,0.286,0.292,0.296,0.299,0.3,0.3,0.3,0.3,0.3,0.299,0.297,0.295,0.293,0.289,0.286,0.282,0.277,0.272,0.267,0.261,0.254,0.247,0.24,0.233,0.225,0.216,0.207,0.198,0.188,0.179,0.168,0.157,0.152,0.143,0.134,0.126,0.117,0.108,0.1,0.092,0.084,0.077,0.07,0.064,0.059,0.054,0.05,0.046,0.043,0.039,0.036,0.032,0.029,0.026,0.024,0.021,0.019,0.017,0.015,0.013,0.012,0.011,0.01,0.01,0.01,0.01,0.008,0.006,0.003,0.001,0,0,0,0.001,0,0.002,0.002,0,0,0.001,0,0,0,0,0,0,0,0,0,0,0,0,0,0,0,0,0,0,0,0,0,0,0,0,0,0,0,0,0,0,0,0,0,0,0,0,0,0,0,0,0,0,0,0,0,0,0,0,0,0,0,0,0,0,0,0,0,0,0,0,0,0,0,0,0,0,0,0,0,0,0,0,0,0,0,0,0,0,0,0,0,0,0,0,0,0,0,0,0,0,0,0,0,0,0
PARAM_EYE_BALL_Y=-0.94,-0.94,-0.94,-0.94,-0.94,-0.94,-0.94,-0.94,-0.94,-0.94,-0.94,-0.94,-0.94,-0.94,-0.94,-0.94,-0.94,-0.94,-0.94,-0.94,-0.94,-0.94,-0.94,-0.94,-0.94,-0.94,-0.94,-0.945,-0.95,-0.95,-0.95,-0.95,-0.95,-0.95,-0.95,-0.95,-0.95,-0.946,-0.95,-0.95,-0.95,-0.95,-0.95,-0.95,-0.947,-0.95,-0.95,-0.95,-0.95,-0.948,-0.95,-0.95,-0.95,-0.95,-0.949,-0.95,-0.95,-0.95,-0.95,-0.95,-0.95,-0.95,-0.951,-0.95,-0.95,-0.952,-0.95,-0.95,-0.953,-0.95,-0.954,-0.955,-0.956,-0.957,-0.959,-0.96,-0.962,-0.963,-0.965,-0.967,-0.969,-0.971,-0.973,-0.975,-0.977,-0.979,-0.981,-0.983,-0.985,-0.986,-0.988,-0.99,-0.991,-0.993,-0.994,-0.996,-0.997,-0.998,-0.998,-0.999,-1,-1,-1,-1,-1,-1,-1,-1,-1,-1,-1,-1,-1,-1,-1,-1,-1,-1,-1,-1,-1,-1,-1,-1,-1,-1,-1,-1,-1,-1,-1,-1,-1,-1,-1,-1,-1,-1,-1,-1,-1,-1,-1,-1,-1,-1,-1,-1,-1,-1,-1,-1,-1,-1,-0.998,-0.997,-0.995,-0.993,-0.99,-0.988,-0.985,-0.982,-0.979,-0.976,-0.973,-0.97,-0.967,-0.964,-0.961,-0.959,-0.956,-0.954,-0.952,-0.951,-0.949,-0.949,-0.948,-0.95,-0.947,-0.946,-0.95,-0.945,-0.94,-0.944,-0.94,-0.943,-0.94,-0.942,-0.94,-0.941,-0.94,-0.94,-0.94,-0.939,-0.94,-0.94,-0.938,-0.94,-0.94,-0.937,-0.94,-0.94,-0.936,-0.94,-0.94,-0.94,-0.94,-0.935,-0.93,-0.93,-0.93,-0.93,-0.93,-0.93,-0.93,-0.93,-0.93,-0.93,-0.93,-0.93,-0.93,-0.93,-0.93,-0.93,-0.935,-0.94,-0.936,-0.94,-0.938,-0.939,-0.94,-0.941,-0.942,-0.943,-0.944,-0.945,-0.947,-0.948,-0.949,-0.951,-0.952,-0.953,-0.955,-0.956,-0.958,-0.959,-0.961,-0.962,-0.963,-0.965,-0.966,-0.967,-0.969,-0.97,-0.971,-0.972,-0.973,-0.974,-0.975,-0.98,-0.977,-0.977,-0.978,-0.98,-0.979,-0.98,-0.98,-0.98,-0.981,-0.98,-0.982,-0.98,-0.98,-0.983,-0.98,-0.984,-0.98,-0.985,-0.99,-0.99,-0.986,-0.99,-0.987,-0.99,-0.99,-0.988,-0.99,-0.99,-0.989,-0.99,-0.99,-0.99,-0.99,-0.99,-0.991,-0.99,-0.99,-0.99,-0.992,-0.99,-0.99,-0.99,-0.993,-0.99,-0.99,-0.99,-0.994,-0.99,-0.99,-0.99,-0.99,-0.995,-1,-1,-1,-1,-0.996,-1,-1,-1,-1,-1,-1,-0.997,-1,-1,-1,-1,-1,-1,-1,-0.998,-1,-1,-1,-1,-1,-1,-1,-1,-1,-1,-1,-1,-0.999,-1,-1,-1,-1,-1,-1,-1,-1,-1,-1,-1,-1,-1,-1,-1,-1,-1,-1,-1,-1,-1,-1,-1,-1,-1
PARAM_BROW_L_Y=0,0,0,0,0,0,0,0,0,0,0,0,0,0,0,0,0,0,0,0,0,0,-0.003,-0.007,-0.01,-0.009,-0.008,-0.01,-0.009,-0.01,-0.01,-0.01,-0.01,-0.01,-0.01,-0.01,-0.01,-0.012,-0.016,-0.019,-0.02,-0.018,-0.02,-0.02,-0.019,-0.02,-0.021,-0.022,-0.023,-0.024,-0.02,-0.026,-0.027,-0.027,-0.028,-0.029,-0.03,-0.031,-0.032,-0.034,-0.035,-0.036,-0.037,-0.038,-0.039,-0.04,-0.041,-0.04,-0.043,-0.044,-0.046,-0.047,-0.048,-0.049,-0.051,-0.052,-0.053,-0.054,-0.056,-0.057,-0.058,-0.06,-0.061,-0.063,-0.064,-0.065,-0.066,-0.068,-0.069,-0.071,-0.072,-0.073,-0.074,-0.076,-0.077,-0.079,-0.08,-0.082,-0.083,-0.085,-0.086,-0.088,-0.089,-0.091,-0.092,-0.094,-0.096,-0.097,-0.099,-0.1,-0.102,-0.103,-0.105,-0.107,-0.108,-0.11,-0.111,-0.113,-0.115,-0.117,-0.118,-0.119,-0.121,-0.122,-0.124,-0.127,-0.128,-0.13,-0.131,-0.133,-0.134,-0.136,-0.138,-0.139,-0.141,-0.144,-0.145,-0.147,-0.148,-0.151,-0.152,-0.154,-0.155,-0.158,-0.159,-0.161,-0.162,-0.165,-0.166,-0.168,-0.169,-0.171,-0.173,-0.175,-0.177,-0.178,-0.181,-0.182,-0.184,-0.185,-0.188,-0.189,-0.191,-0.193,-0.195,-0.196,-0.198,-0.2,-0.202,-0.203,-0.205,-0.207,-0.209,-0.211,-0.212,-0.215,-0.216,-0.218,-0.219,-0.221,-0.223,-0.225,-0.227,-0.228,-0.231,-0.232,-0.234,-0.235,-0.238,-0.239,-0.241,-0.242,-0.245,-0.246,-0.248,-0.249,-0.252,-0.253,-0.255,-0.256,-0.259,-0.26,-0.262,-0.263,-0.265,-0.266,-0.268,-0.27,-0.271,-0.273,-0.275,-0.277,-0.279,-0.28,-0.282,-0.283,-0.285,-0.287,-0.289,-0.29,-0.291,-0.293,-0.295,-0.297,-0.298,-0.3,-0.302,-0.303,-0.304,-0.306,-0.308,-0.309,-0.311,-0.312,-0.314,-0.315,-0.317,-0.318,-0.32,-0.321,-0.323,-0.324,-0.326,-0.327,-0.329,-0.33,-0.331,-0.332,-0.334,-0.335,-0.336,-0.338,-0.339,-0.341,-0.342,-0.343,-0.344,-0.346,-0.347,-0.348,-0.349,-0.351,-0.352,-0.353,-0.35,-0.355,-0.356,-0.357,-0.359,-0.36,-0.361,-0.362,-0.363,-0.364,-0.365,-0.366,-0.367,-0.368,-0.369,-0.37,-0.371,-0.372,-0.373,-0.374,-0.375,-0.376,-0.377,-0.38,-0.379,-0.38,-0.38,-0.38,-0.38,-0.38,-0.38,-0.382,-0.385,-0.388,-0.389,-0.39,-0.39,-0.389,-0.39,-0.39,-0.39,-0.391,-0.39,-0.392,-0.39,-0.393,-0.39,-0.394,-0.396,-0.399,-0.4,-0.4,-0.4,-0.4,-0.4,-0.4,-0.4,-0.4,-0.398,-0.4,-0.4,-0.4,-0.4,-0.4,-0.4,-0.4,-0.4,-0.4,-0.4,-0.4,-0.4,-0.4,-0.398,-0.392,-0.383,-0.37,-0.355,-0.338,-0.318,-0.3,-0.27,-0.25,-0.23,-0.2,-0.17,-0.15,-0.13,-0.1,-0.08,-0.063,-0.045,-0.03,-0.017,-0.008,-0.002,0,0,0,0,0,0,0,0,0,0,0
PARAM_BROW_R_Y=0,0,0,0,0,0,0,0,0,0,0,0,0,0,0,0,0,0,0,0,0,0,0,0,0,0,0,0,0,0,-0.002,-0.004,-0.006,-0.009,-0.01,-0.01,-0.01,-0.01,-0.01,-0.01,-0.01,-0.01,-0.01,-0.01,-0.011,-0.01,-0.012,-0.01,-0.013,-0.014,-0.016,-0.017,-0.019,-0.02,-0.02,-0.017,-0.02,-0.018,-0.019,-0.02,-0.02,-0.021,-0.02,-0.022,-0.023,-0.02,-0.024,-0.025,-0.027,-0.029,-0.03,-0.03,-0.029,-0.03,-0.03,-0.031,-0.032,-0.03,-0.033,-0.03,-0.035,-0.036,-0.038,-0.039,-0.04,-0.04,-0.04,-0.04,-0.04,-0.042,-0.043,-0.044,-0.045,-0.046,-0.05,-0.048,-0.048,-0.049,-0.05,-0.05,-0.052,-0.053,-0.054,-0.054,-0.055,-0.056,-0.057,-0.058,-0.059,-0.06,-0.061,-0.06,-0.063,-0.064,-0.06,-0.066,-0.067,-0.07,-0.069,-0.07,-0.07,-0.072,-0.073,-0.07,-0.075,-0.076,-0.08,-0.078,-0.079,-0.08,-0.081,-0.082,-0.083,-0.084,-0.085,-0.086,-0.087,-0.088,-0.089,-0.09,-0.091,-0.092,-0.093,-0.095,-0.096,-0.097,-0.098,-0.099,-0.1,-0.101,-0.102,-0.103,-0.104,-0.105,-0.106,-0.107,-0.108,-0.109,-0.11,-0.112,-0.113,-0.114,-0.115,-0.116,-0.117,-0.118,-0.119,-0.12,-0.121,-0.122,-0.123,-0.124,-0.126,-0.127,-0.128,-0.129,-0.13,-0.131,-0.132,-0.133,-0.134,-0.135,-0.136,-0.137,-0.138,-0.139,-0.14,-0.141,-0.142,-0.143,-0.144,-0.145,-0.147,-0.148,-0.149,-0.15,-0.151,-0.152,-0.153,-0.154,-0.155,-0.156,-0.157,-0.158,-0.159,-0.16,-0.161,-0.162,-0.163,-0.164,-0.165,-0.166,-0.167,-0.168,-0.169,-0.17,-0.171,-0.172,-0.173,-0.174,-0.175,-0.176,-0.177,-0.178,-0.179,-0.18,-0.181,-0.181,-0.182,-0.183,-0.184,-0.185,-0.186,-0.187,-0.188,-0.189,-0.19,-0.191,-0.192,-0.19,-0.193,-0.194,-0.19,-0.196,-0.197,-0.2,-0.198,-0.199,-0.2,-0.201,-0.202,-0.2,-0.203,-0.204,-0.2,-0.206,-0.206,-0.207,-0.21,-0.208,-0.209,-0.21,-0.211,-0.212,-0.21,-0.213,-0.21,-0.214,-0.215,-0.22,-0.216,-0.217,-0.22,-0.219,-0.22,-0.22,-0.22,-0.221,-0.22,-0.222,-0.22,-0.223,-0.22,-0.224,-0.22,-0.225,-0.226,-0.227,-0.228,-0.229,-0.23,-0.23,-0.23,-0.23,-0.23,-0.23,-0.23,-0.23,-0.23,-0.232,-0.233,-0.233,-0.231,-0.23,-0.232,-0.235,-0.237,-0.239,-0.24,-0.24,-0.24,-0.24,-0.24,-0.24,-0.24,-0.24,-0.24,-0.24,-0.24,-0.24,-0.24,-0.24,-0.24,-0.239,-0.24,-0.24,-0.24,-0.24,-0.24,-0.24,-0.24,-0.24,-0.24,-0.24,-0.24,-0.24,-0.239,-0.235,-0.23,-0.222,-0.213,-0.202,-0.191,-0.178,-0.164,-0.15,-0.135,-0.12,-0.105,-0.09,-0.076,-0.062,-0.049,-0.038,-0.027,-0.018,-0.01,-0.005,-0.001,0,0,0,0,0,0,0,0,0,0,0
PARAM_BROW_L_X=0
PARAM_BROW_R_X=0
PARAM_BROW_L_ANGLE=0,0,0,0,0,0,0,0,0,0,0,0,0,0,0,0,0,0,0,0,0,0,0.003,0.007,0.01,0.009,0.008,0.01,0.009,0.01,0.01,0.01,0.01,0.01,0.01,0.01,0.01,0.012,0.016,0.019,0.02,0.018,0.02,0.02,0.019,0.02,0.021,0.022,0.023,0.024,0.02,0.026,0.027,0.027,0.028,0.029,0.03,0.031,0.032,0.034,0.035,0.036,0.037,0.038,0.039,0.04,0.041,0.04,0.043,0.044,0.046,0.047,0.048,0.049,0.051,0.052,0.053,0.054,0.056,0.057,0.058,0.06,0.061,0.063,0.064,0.065,0.066,0.068,0.069,0.071,0.072,0.073,0.074,0.076,0.077,0.079,0.08,0.082,0.083,0.085,0.086,0.088,0.089,0.091,0.092,0.094,0.096,0.097,0.099,0.1,0.102,0.103,0.105,0.107,0.108,0.11,0.111,0.113,0.115,0.117,0.118,0.119,0.121,0.122,0.124,0.127,0.128,0.13,0.131,0.133,0.134,0.136,0.138,0.139,0.141,0.144,0.145,0.147,0.148,0.151,0.152,0.154,0.155,0.158,0.159,0.161,0.162,0.165,0.166,0.168,0.169,0.171,0.173,0.175,0.177,0.178,0.181,0.182,0.184,0.185,0.188,0.189,0.191,0.193,0.195,0.196,0.198,0.2,0.202,0.203,0.205,0.207,0.209,0.211,0.212,0.215,0.216,0.218,0.219,0.221,0.223,0.225,0.227,0.228,0.231,0.232,0.234,0.235,0.238,0.239,0.241,0.242,0.245,0.246,0.248,0.249,0.252,0.253,0.255,0.256,0.259,0.26,0.262,0.263,0.265,0.266,0.268,0.27,0.271,0.273,0.275,0.277,0.279,0.28,0.282,0.283,0.285,0.287,0.289,0.29,0.291,0.293,0.295,0.297,0.298,0.3,0.302,0.303,0.304,0.306,0.308,0.309,0.311,0.312,0.314,0.315,0.317,0.318,0.32,0.321,0.323,0.324,0.326,0.327,0.329,0.33,0.331,0.332,0.334,0.335,0.336,0.338,0.339,0.341,0.342,0.343,0.344,0.346,0.347,0.348,0.349,0.351,0.352,0.353,0.35,0.355,0.356,0.357,0.359,0.36,0.361,0.362,0.363,0.364,0.365,0.366,0.367,0.368,0.369,0.37,0.371,0.372,0.373,0.374,0.375,0.376,0.377,0.38,0.379,0.38,0.38,0.38,0.38,0.38,0.38,0.382,0.385,0.388,0.389,0.39,0.39,0.389,0.39,0.39,0.39,0.391,0.39,0.392,0.39,0.393,0.39,0.394,0.396,0.399,0.4,0.4,0.4,0.4,0.4,0.4,0.4,0.4,0.398,0.4,0.4,0.4,0.4,0.4,0.4,0.4,0.4,0.4,0.4,0.4,0.4,0.4,0.398,0.392,0.383,0.37,0.355,0.338,0.318,0.3,0.27,0.25,0.23,0.2,0.17,0.15,0.13,0.1,0.08,0.063,0.045,0.03,0.017,0.008,0.002,0,0,0,0,0,0,0,0,0,0,0
PARAM_BROW_R_ANGLE=0,0,0,0,0,0,0,0,0,0,0,0,0,0,0,0,0,0,0,0,0,0,0,0,0,0.001,0.002,0.003,0.005,0.006,0.007,0.008,0.009,0.01,0.01,0.01,0.01,0.01,0.01,0.013,0.014,0.015,0.02,0.016,0.017,0.02,0.019,0.019,0.02,0.02,0.022,0.023,0.02,0.024,0.025,0.026,0.027,0.028,0.029,0.03,0.031,0.032,0.033,0.034,0.035,0.036,0.037,0.038,0.039,0.04,0.041,0.042,0.043,0.044,0.045,0.047,0.048,0.049,0.05,0.051,0.053,0.054,0.055,0.056,0.058,0.059,0.06,0.061,0.062,0.063,0.065,0.066,0.067,0.069,0.07,0.071,0.073,0.074,0.075,0.077,0.078,0.08,0.081,0.082,0.083,0.084,0.086,0.087,0.089,0.09,0.092,0.093,0.094,0.096,0.097,0.099,0.1,0.102,0.103,0.105,0.106,0.108,0.11,0.111,0.113,0.114,0.116,0.117,0.118,0.12,0.121,0.123,0.124,0.126,0.128,0.129,0.13,0.132,0.133,0.135,0.137,0.138,0.14,0.142,0.143,0.145,0.147,0.148,0.15,0.151,0.153,0.155,0.156,0.158,0.159,0.16,0.162,0.164,0.166,0.167,0.169,0.171,0.172,0.173,0.175,0.177,0.178,0.18,0.181,0.183,0.185,0.186,0.188,0.189,0.191,0.193,0.194,0.196,0.197,0.199,0.201,0.203,0.204,0.206,0.207,0.209,0.21,0.212,0.213,0.215,0.216,0.218,0.22,0.221,0.223,0.225,0.226,0.228,0.23,0.232,0.233,0.235,0.236,0.237,0.239,0.24,0.242,0.243,0.245,0.246,0.248,0.249,0.251,0.252,0.254,0.255,0.257,0.258,0.26,0.261,0.263,0.264,0.266,0.267,0.269,0.27,0.271,0.273,0.274,0.276,0.277,0.279,0.28,0.281,0.282,0.284,0.285,0.286,0.288,0.289,0.29,0.291,0.293,0.294,0.295,0.297,0.298,0.299,0.3,0.302,0.303,0.304,0.3,0.306,0.308,0.309,0.31,0.311,0.312,0.313,0.314,0.315,0.316,0.317,0.318,0.32,0.321,0.322,0.323,0.324,0.325,0.326,0.327,0.328,0.33,0.33,0.33,0.331,0.332,0.333,0.334,0.335,0.34,0.337,0.337,0.338,0.339,0.34,0.341,0.342,0.34,0.343,0.34,0.344,0.345,0.35,0.346,0.347,0.35,0.348,0.349,0.35,0.35,0.35,0.351,0.35,0.352,0.35,0.353,0.35,0.354,0.356,0.359,0.36,0.36,0.36,0.36,0.36,0.36,0.36,0.36,0.36,0.36,0.36,0.36,0.36,0.36,0.36,0.36,0.36,0.36,0.36,0.36,0.36,0.36,0.36,0.358,0.353,0.343,0.332,0.317,0.3,0.282,0.262,0.24,0.22,0.2,0.18,0.15,0.13,0.1,0.08,0.065,0.048,0.034,0.022,0.012,0.006,0.001,0,0,0,0,0,0,0,0,0,0,0
PARAM_BROW_L_FORM=0
PARAM_BROW_R_FORM=0
PARAM_MOUTH_OPEN_Y=0,0.001,0.006,0.013,0.022,0.034,0.049,0.065,0.084,0.1,0.13,0.15,0.18,0.2,0.23,0.26,0.29,0.32,0.35,0.38,0.42,0.45,0.48,0.52,0.55,0.58,0.62,0.65,0.68,0.71,0.74,0.77,0.8,0.82,0.85,0.87,0.9,0.92,0.935,0.951,0.966,0.978,0.987,0.994,0.999,1,1,1,1,1,1,1,1,1,1,1,1,1,1,1,1,1,1,1,1,1,1,1,1,1,1,1,1,1,1,1,1,1,1,1,1,1,1,1,1,1,1,1,1,1,1,1,1,1,1,1,1,1,1,1,1,1,1,1,1,1,1,1,1,1,1,1,1,1,1,1,1,1,1,1,1,1,1,1,1,1,1,1,1,1,1,1,1,1,1,1,1,1,1,1,1,1,1,1,1,1,1,1,1,1,1,1,1,1,1,1,1,1,1,1,1,1,1,1,1,1,1,1,1,1,1,1,1,1,1,1,1,1,1,1,1,1,1,1,1,1,1,1,1,1,1,1,1,1,1,1,1,1,1,1,1,1,1,1,1,1,1,1,1,1,1,1,1,1,1,1,1,1,1,1,1,1,1,1,1,1,1,1,1,1,1,1,1,1,1,1,1,1,1,1,1,1,1,1,1,1,1,1,1,1,1,1,1,1,1,1,1,1,1,1,1,1,1,1,1,1,1,1,1,1,1,0.996,0.984,0.966,0.94,0.91,0.87,0.83,0.79,0.74,0.69,0.64,0.59,0.53,0.48,0.43,0.37,0.32,0.27,0.23,0.18,0.14,0.11,0.08,0.05,0.03,0.013,0.003,0,0,0,0,0,0,0,0,0,0,0,0,0,0,0,0,0,0,0,0,0,0,0,0,0,0,0,0,0,0,0,0,0,0,0,0,0,0,0,0,0,0,0,0,0,0,0,0,0,0,0,0,0,0,0,0,0,0,0,0,0,0,0,0,0,0,0,0,0,0,0,0
PARAM_BODY_ANGLE_X=0,-0.004,-0.016,-0.035,-0.06,-0.1,-0.14,-0.18,-0.23,-0.29,-0.35,-0.42,-0.49,-0.57,-0.65,-0.74,-0.82,-0.92,-1.01,-1.1,-1.2,-1.3,-1.41,-1.51,-1.62,-1.72,-1.83,-1.93,-2.04,-2.15,-2.25,-2.36,-2.46,-2.56,-2.67,-2.77,-2.86,-2.96,-3.05,-3.14,-3.23,-3.31,-3.39,-3.47,-3.54,-3.61,-3.67,-3.73,-3.79,-3.83,-3.88,-3.91,-3.94,-3.97,-3.986,-3.996,-4,-3.97,-3.87,-3.72,-3.51,-3.26,-2.96,-2.62,-2.25,-1.84,-1.41,-0.95,-0.48,0.01,0.5,1,1.5,1.99,2.48,2.95,3.41,3.84,4.25,4.62,4.96,5.26,5.51,5.72,5.87,5.97,6,5.95,5.81,5.6,5.33,5.01,4.64,4.25,3.84,3.42,2.99,2.57,2.16,1.77,1.41,1.08,0.79,0.54,0.36,0.22,0.16,0.13,0.11,0.09,0.069,0.053,0.04,0.028,0.019,0.012,0.006,0.002,-0.001,-0.003,-0.004,0,0,-0.003,-0.002,-0.001,0,0,0,0,0,0,0,0,0,0,0,0,0,0,0,0,-0.004,-0.016,-0.04,-0.07,-0.12,-0.17,-0.25,-0.33,-0.44,-0.56,-0.71,-0.87,-1.05,-1.26,-1.49,-1.79,-2.1,-2.42,-2.76,-3.1,-3.44,-3.78,-4.12,-4.46,-4.79,-5.1,-5.41,-5.71,-5.99,-6.27,-6.52,-6.76,-6.97,-7.16,-7.33,-7.47,-7.6,-7.71,-7.8,-7.88,-7.93,-7.97,-7.99,-8,-7.99,-7.96,-7.91,-7.84,-7.76,-7.66,-7.54,-7.42,-7.27,-7.11,-6.94,-6.76,-6.57,-6.37,-6.16,-5.94,-5.71,-5.48,-5.24,-4.99,-4.74,-4.48,-4.23,-3.96,-3.7,-3.43,-3.17,-2.9,-2.63,-2.37,-2.1,-1.84,-1.59,-1.33,-1.08,-0.84,-0.6,-0.37,-0.15,0.07,0.28,0.48,0.67,0.86,1.03,1.18,1.33,1.46,1.58,1.69,1.78,1.86,1.92,1.96,1.99,2,1.998,1.991,1.979,1.962,1.94,1.92,1.89,1.85,1.81,1.77,1.72,1.67,1.62,1.56,1.49,1.43,1.36,1.28,1.2,1.13,1.09,1.07,1.048,1.03,1.007,0.99,0.967,0.947,0.928,0.909,0.89,0.871,0.852,0.834,0.816,0.797,0.78,0.762,0.745,0.728,0.711,0.694,0.678,0.661,0.645,0.63,0.614,0.599,0.583,0.568,0.553,0.539,0.524,0.51,0.496,0.482,0.469,0.455,0.442,0.429,0.416,0.404,0.392,0.379,0.367,0.356,0.344,0.333,0.322,0.311,0.3,0.289,0.279,0.269,0.259,0.249,0.239,0.23,0.221,0.212,0.203,0.194,0.186,0.177,0.169,0.161,0.154,0.146,0.139,0.132,0.125,0.118,0.112,0.105,0.099,0.093,0.088,0.082,0.077,0.071,0.066,0.061,0.057,0.052,0.048,0.044,0.04,0.036,0.033,0.029,0.026,0.023,0.02,0.018,0.015,0.013,0.011,0.009,0.007,0.006,0.004,0.003,0.002,0.001,0.001,0,0,0
PARAM_BODY_ANGLE_Y=0,0,0,0,-0.001,-0.002,-0.003,-0.004,-0.006,-0.007,-0.009,-0.011,-0.013,-0.015,-0.018,-0.021,-0.024,-0.027,-0.031,-0.034,-0.039,-0.043,-0.047,-0.052,-0.057,-0.063,-0.068,-0.074,-0.08,-0.087,-0.094,-0.101,-0.108,-0.117,-0.125,-0.134,-0.143,-0.152,-0.161,-0.17,-0.18,-0.189,-0.198,-0.208,-0.217,-0.227,-0.237,-0.247,-0.256,-0.266,-0.276,-0.286,-0.295,-0.305,-0.315,-0.325,-0.334,-0.344,-0.354,-0.363,-0.373,-0.382,-0.396,-0.41,-0.422,-0.431,-0.443,-0.455,-0.467,-0.479,-0.49,-0.502,-0.517,-0.529,-0.539,-0.548,-0.558,-0.57,-0.583,-0.596,-0.612,-0.621,-0.635,-0.648,-0.661,-0.674,-0.682,-0.7,-0.716,-0.729,-0.739,-0.755,-0.768,-0.779,-0.788,-0.802,-0.817,-0.832,-0.849,-0.862,-0.873,-0.883,-0.898,-0.913,-0.928,-0.946,-0.955,-0.973,-0.988,-1,-1.01,-1.027,-1.04,-1.051,-1.062,-1.073,-1.088,-1.103,-1.118,-1.136,-1.149,-1.16,-1.171,-1.182,-1.199,-1.213,-1.225,-1.235,-1.253,-1.267,-1.279,-1.29,-1.301,-1.318,-1.332,-1.343,-1.354,-1.365,-1.381,-1.395,-1.407,-1.416,-1.432,-1.446,-1.457,-1.466,-1.48,-1.493,-1.506,-1.517,-1.528,-1.539,-1.555,-1.567,-1.578,-1.588,-1.598,-1.613,-1.624,-1.633,-1.642,-1.651,-1.665,-1.676,-1.686,-1.693,-1.702,-1.711,-1.72,-1.729,-1.738,-1.749,-1.761,-1.772,-1.783,-1.793,-1.804,-1.814,-1.824,-1.834,-1.843,-1.852,-1.861,-1.87,-1.878,-1.886,-1.894,-1.901,-1.908,-1.915,-1.922,-1.928,-1.935,-1.941,-1.946,-1.951,-1.956,-1.961,-1.966,-1.97,-1.974,-1.977,-1.981,-1.984,-1.987,-1.989,-1.991,-1.993,-1.995,-1.997,-1.998,-1.999,-1.999,-2,-2,-2,-2,-2,-2,-2,-2,-1.97,-1.9,-1.78,-1.62,-1.43,-1.2,-0.96,-0.7,-0.42,-0.14,0,0,0,0,0,0,0,0,0,0,0,0,0,0,0,0,0,0,0,0,0,0,-0.22,-0.44,-0.62,-0.78,-0.9,-0.97,-1,-0.993,-0.975,-0.95,-0.91,-0.87,-0.82,-0.77,-0.73,-0.68,-0.63,-0.57,-0.52,-0.47,-0.42,-0.38,-0.34,-0.3,-0.26,-0.23,-0.2,-0.17,-0.14,-0.12,-0.1,-0.082,-0.065,-0.051,-0.038,-0.028,-0.019,-0.012,-0.007,-0.003,-0.001,0,0,0,0,0,0,0,0,0,0,0,0,0,0,0,0,0,0,0,0,0,0,0,0,0,0,0,0,0,0,0,0,0,0,0,0,0,0,0,0,0,0,0,0,0,0,0,0,0,0,0,0,0,0,0,0,0,0,0,0,0,0,0,0,0,0,0,0,0,0,0,0,0,0,0,0
PARAM_BODY_ANGLE_Z=0
PARAM_BREATH=0
PARAM_HAIR_FRONT=0
PARAM_HAIR_SIDE=0
PARAM_HAIR_BACK=0
PARAM_ARM_L=0,-0.004,-0.016,-0.035,-0.06,-0.1,-0.14,-0.18,-0.23,-0.29,-0.35,-0.42,-0.49,-0.57,-0.65,-0.74,-0.82,-0.92,-1.01,-1.1,-1.2,-1.3,-1.41,-1.51,-1.62,-1.72,-1.83,-1.93,-2.04,-2.15,-2.25,-2.36,-2.46,-2.56,-2.67,-2.77,-2.86,-2.96,-3.05,-3.14,-3.23,-3.31,-3.39,-3.47,-3.54,-3.61,-3.67,-3.73,-3.79,-3.83,-3.88,-3.91,-3.94,-3.97,-3.986,-3.996,-4,-3.98,-3.91,-3.79,-3.64,-3.44,-3.22,-2.96,-2.67,-2.36,-2.03,-1.68,-1.31,-0.93,-0.55,-0.15,0.25,0.65,1.05,1.44,1.83,2.2,2.56,2.91,3.24,3.54,3.83,4.09,4.32,4.52,4.68,4.82,4.92,4.98,5,4.996,4.986,4.968,4.94,4.91,4.88,4.83,4.78,4.73,4.67,4.6,4.53,4.45,4.37,4.28,4.18,4.09,3.98,3.88,3.77,3.65,3.53,3.41,3.28,3.15,3.02,2.88,2.74,2.6,2.45,2.3,2.15,1.99,1.84,1.68,1.52,1.36,1.2,1.03,0.86,0.7,0.53,0.35,0.19,0.01,-0.16,-0.33,-0.5,-0.67,-0.84,-1.01,-1.19,-1.35,-1.53,-1.7,-1.86,-2.03,-2.2,-2.36,-2.52,-2.68,-2.84,-2.99,-3.15,-3.3,-3.45,-3.6,-3.74,-3.88,-4.02,-4.15,-4.28,-4.41,-4.53,-4.65,-4.77,-4.88,-4.98,-5.09,-5.18,-5.28,-5.37,-5.45,-5.53,-5.6,-5.67,-5.73,-5.78,-5.83,-5.88,-5.91,-5.94,-5.97,-5.986,-5.996,-6,-5.989,-5.96,-5.9,-5.83,-5.73,-5.62,-5.49,-5.35,-5.19,-5.01,-4.82,-4.61,-4.4,-4.17,-3.93,-3.68,-3.42,-3.16,-2.88,-2.61,-2.32,-2.03,-1.74,-1.44,-1.14,-0.84,-0.54,-0.23,0.06,0.36,0.66,0.95,1.24,1.52,1.8,2.07,2.33,2.59,2.83,3.07,3.3,3.51,3.72,3.91,4.09,4.25,4.4,4.54,4.66,4.76,4.84,4.91,4.96,4.99,5,4.99,4.96,4.92,4.85,4.77,4.68,4.57,4.46,4.32,4.18,4.03,3.87,3.7,3.53,3.35,3.17,2.98,2.79,2.6,2.4,2.21,2.02,1.83,1.65,1.47,1.3,1.13,0.97,0.82,0.68,0.54,0.43,0.32,0.23,0.15,0.08,0.04,0.01,0,0,0,0,0,0,0,0,0,0,0,0,0,0,0,0,0,0,0,0,0,0,0,0,0,0,0,0,0,0,0,0,0,0,0,0,0,0,0,0,0,0,0,0,0,0,0,0,0,0,0,0,0,0,0,0,0,0,0,0,0,0,0,0,0,0,0,0,0,0,0,0,0,0,0,0,0,0,0,0,0,0,0,0,0,0,0,0,0,0
PARAM_ARM_R=0
PARAM_HAND_R=0
PARAM_ARMU_R=0
PARAM_BOW=0
PARAM_SKIRT2=0
PARAM_SKIRT=0
PARAM_ANGLE_CY=30,30,30,30,30,30,30,30,30,30,30,30,30,30,30,30,30,30,30,30,30,30,30,30,30,30,30,30,30,30,30,30,30,30,30,30,30,30,30,30,30,30,30,30,30,30,30,30,30,30,30,30,30,30,30,30,30,30,30,30,30,30,30,30,30,30,30,30,30,30,30,30,30,30,30,30,30,30,30,30,30,30,30,30,30,30,30,30,30,30,30,29.46,27.93,25.54,22.4,18.71,14.47,9.85,4.99,0,-4.99,-9.85,-14.47,-18.71,-22.4,-25.54,-27.93,-29.46,-30,-30,-30,-30,-30,-30,-30,-30,-30,-30,-30,-30,-30,-30,-30,-30,-30,-30,-30,-30,-30,-30,-30,-30,-30,-30,-30,-30,-30,-30,-30,-30,-30,-30,-30,-30,-30,-30,-30,-30,-30,-30,-30,-30,-30,-30,-30,-30,-30,-30,-30,-30,-30,-30,-30,-30,-30,-30,-30,-30,-30,-30,-30,-30,-30,-30,-30,-30,-30,-30,-30,-30,-30,-30,-30,-30,-30,-30,-30,-30,-30,-30,-30,-30,-30,-30,-30,-30,-30,-30,-30,-30,-30,-30,-30,-30,-30,-30,-30,-30,-30,-30,-30,-30,-30,-30,-30,-30,-30,-30,-30,-30,-30,-30,-30,-30,-30,-30,-30,-30,-30,-28.8,-25.59,-20.63,-14.39,-7.49,0,7.49,14.39,20.63,25.59,28.8,30,30,30,30,30,30,30,30,30,30,30,30,30,30,30,30,30,30,30,30,30,30,30,30,30,30,30,30,30,30,30,30,30,30,30,30,30,30,30,30,30,30,30,30,30,30,30,30,30,30,30,30,30,30,30,30,30,30,30,30,30,30,30,30,30,30,30,30,30,30,30,30,30,30,30,30,30,30,30,30,30,30,30,30,30,30,30,30,30,30,30,30,30,30,30,30,30,30,30,30,30,30,30,30,30,30,30,30,30,30,30,30,30,30,30,30,30,30,30,30,30,30,30,30,30,30,30,30,30,30
PARAM_ANGLE_CZ=0,0.05,0.18,0.39,0.68,1.04,1.46,1.93,2.45,3.02,3.62,4.27,4.93,5.61,6.3,7,7.7,8.39,9.07,9.73,10.38,10.98,11.55,12.07,12.54,12.96,13.32,13.61,13.82,13.95,14,13.92,13.67,13.27,12.74,12.07,11.29,10.41,9.44,8.39,7.27,6.08,4.85,3.57,2.29,1,-0.29,-1.57,-2.85,-4.08,-5.27,-6.39,-7.44,-8.41,-9.29,-10.07,-10.74,-11.27,-11.67,-11.92,-12,-11.96,-11.85,-11.66,-11.42,-11.11,-10.75,-10.34,-9.9,-9.41,-8.89,-8.34,-7.78,-7.19,-6.6,-6,-5.4,-4.81,-4.22,-3.66,-3.11,-2.59,-2.1,-1.66,-1.25,-0.89,-0.58,-0.34,-0.15,-0.04,0,0,0,0,0,0,0,0,0,0,0,0,0,0,0,0,0,0,0,0,0,0,0,0,0,0,0,0,0,0,0,0,0,0,0,0,0,0,0,0,0,0,0,0,0,0,0,0,0,0.05,0.18,0.39,0.68,1.04,1.46,1.93,2.45,3.02,3.62,4.27,4.93,5.61,6.3,7,7.7,8.39,9.07,9.73,10.38,10.98,11.55,12.07,12.54,12.96,13.32,13.61,13.82,13.95,14,13.92,13.67,13.27,12.74,12.07,11.29,10.41,9.44,8.39,7.27,6.08,4.85,3.57,2.29,1,-0.29,-1.57,-2.85,-4.08,-5.27,-6.39,-7.44,-8.41,-9.29,-10.07,-10.74,-11.27,-11.67,-11.92,-12,-11.987,-11.95,-11.88,-11.79,-11.67,-11.53,-11.36,-11.17,-10.94,-10.7,-10.42,-10.12,-9.78,-9.43,-9.05,-8.64,-8.2,-7.73,-7.24,-6.72,-6.17,-5.6,-5,-4.37,-3.72,-3.02,-2.31,-1.56,-0.8,0,0.82,1.62,2.4,3.15,3.88,4.58,5.25,5.91,6.52,7.13,7.7,8.25,8.77,9.27,9.74,10.19,10.61,11,11.37,11.72,12.04,12.34,12.6,12.85,13.07,13.27,13.44,13.59,13.72,13.82,13.9,13.96,13.99,14,13.95,13.82,13.61,13.32,12.96,12.54,12.07,11.55,10.98,10.38,9.73,9.07,8.39,7.7,7,6.3,5.61,4.93,4.27,3.62,3.02,2.45,1.93,1.46,1.04,0.68,0.39,0.18,0.05,0,0,0,0,0,0,0,0,0,0,0,0,0,0,0,0,0,0,0,0,0,0,0,0,0,0,0,0,0,0,0,0,0,0,0,0,0,0,0,0,0,0,0,0,0,0,0,0,0,0,0,0,0,0,0,0,0,0,0,0,0,0,0,0,0,0,0,0,0,0,0,0,0,0,0,0,0,0
PARAM_BODY_ANGLE_CY=0
PARAM_BODY_ANGLE_CZ=0,0.003,0.013,0.028,0.049,0.07,0.1,0.14,0.18,0.22,0.26,0.3,0.35,0.4,0.45,0.5,0.55,0.6,0.65,0.7,0.74,0.78,0.82,0.86,0.9,0.93,0.95,0.972,0.987,0.997,1,0.995,0.981,0.96,0.93,0.89,0.84,0.79,0.74,0.67,0.61,0.54,0.47,0.39,0.32,0.24,0.17,0.1,0.02,-0.05,-0.12,-0.18,-0.25,-0.3,-0.35,-0.4,-0.44,-0.47,-0.49,-0.505,-0.51,-0.508,-0.504,-0.496,-0.485,-0.472,-0.457,-0.44,-0.421,-0.4,-0.38,-0.35,-0.33,-0.31,-0.28,-0.26,-0.23,-0.2,-0.18,-0.16,-0.13,-0.11,-0.09,-0.07,-0.053,-0.038,-0.025,-0.014,-0.006,-0.002,0,0,0,0,0,0,0,0,0,0,0,0,0,0,0,0,0,0,0,0,0,0,0,0,0,0,0,0,0,0,0,0,0,0,0,0,0,0,0,0,0,0,0,0,0,0,0,0,0,0.003,0.013,0.028,0.049,0.07,0.1,0.14,0.18,0.22,0.26,0.3,0.35,0.4,0.45,0.5,0.55,0.6,0.65,0.7,0.74,0.78,0.82,0.86,0.9,0.93,0.95,0.972,0.987,0.997,1,0.995,0.981,0.96,0.93,0.89,0.84,0.79,0.74,0.67,0.61,0.54,0.47,0.39,0.32,0.24,0.17,0.1,0.02,-0.05,-0.12,-0.18,-0.25,-0.3,-0.35,-0.4,-0.44,-0.47,-0.49,-0.505,-0.51,-0.508,-0.504,-0.496,-0.485,-0.472,-0.457,-0.44,-0.421,-0.4,-0.38,-0.35,-0.33,-0.31,-0.28,-0.26,-0.23,-0.2,-0.18,-0.16,-0.13,-0.11,-0.09,-0.07,-0.053,-0.038,-0.025,-0.014,-0.006,-0.002,0,0,0,0,0,0,0,0,0,0,0,0,0,0,0,0,0,0,0,0,0,0,0,0,0,0,0,0,0,0,0,0,0,0,0,0,0,0,0,0,0,0,0,0,0,0,0,0,0,0,0,0,0,0,0,0,0,0,0,0,0,0,0,0,0,0,0,0,0,0,0,0,0,0,0,0,0,0,0,0,0,0,0,0,0,0,0,0,0,0,0,0,0,0,0,0,0,0,0,0,0,0,0,0,0,0,0,0,0,0,0,0,0,0,0,0,0,0,0,0,0,0,0,0,0,0,0,0,0,0,0,0,0,0,0,0,0,0,0,0,0,0
PARAM_MOUTH_C=0,0.003,0.013,0.028,0.049,0.07,0.1,0.14,0.18,0.22,0.26,0.3,0.35,0.4,0.45,0.5,0.55,0.6,0.65,0.7,0.74,0.78,0.82,0.86,0.9,0.93,0.95,0.972,0.987,0.997,1,0.997,0.987,0.972,0.951,0.93,0.9,0.86,0.82,0.78,0.74,0.7,0.65,0.6,0.55,0.5,0.45,0.4,0.35,0.3,0.26,0.22,0.18,0.14,0.1,0.07,0.05,0.028,0.013,0.003,0,0,0,0,0,0,0,0,0,0,0,0,0,0,0,0,0,0,0,0,0,0,0,0,0,0,0,0,0,0,0,0.07,0.21,0.38,0.57,0.73,0.87,0.97,1,1,1,1,1,1,1,1,1,1,1,0.997,0.987,0.972,0.951,0.93,0.9,0.86,0.82,0.78,0.74,0.7,0.65,0.6,0.55,0.5,0.45,0.4,0.35,0.3,0.26,0.22,0.18,0.14,0.1,0.07,0.05,0.028,0.013,0.003,0,0.02,0.07,0.16,0.26,0.38,0.5,0.62,0.74,0.84,0.93,0.98,1,1,1,1,1,1,1,1,1,1,1,1,1,1,1,1,1,1,1,0.997,0.987,0.972,0.951,0.93,0.9,0.86,0.82,0.78,0.74,0.7,0.65,0.6,0.55,0.5,0.45,0.4,0.35,0.3,0.26,0.22,0.18,0.14,0.1,0.07,0.05,0.028,0.013,0.003,0,0,0,0,0,0,0,0,0,0,0,0,0,0,0,0,0,0,0,0,0,0,0,0,0,0,0,0,0,0,0,0.07,0.25,0.47,0.68,0.85,0.96,1,1,1,1,1,1,1,1,1,1,1,1,1,1,1,1,1,1,1,1,1,1,1,1,1,1,1,1,1,1,1,1,1,1,1,1,1,1,1,1,1,1,1,1,1,1,1,1,1,1,1,1,1,1,1,1,1,1,0.98,0.93,0.84,0.74,0.62,0.5,0.38,0.26,0.16,0.07,0.02,0,0,0,0,0,0,0,0,0,0,0,0,0,0,0,0,0,0,0,0,0,0,0,0,0,0,0,0,0,0,0,0,0,0,0,0,0,0,0,0,0,0,0,0,0,0,0,0,0,0,0,0,0,0,0,0,0,0,0,0,0,0,0,0,0,0
PARAM_LEG_C=0
PARAM_TAIL=0
PARAM_HAMMER=0
VISIBLE:PSD=1
VISIBLE:PARTS_01_FACE_001=1
VISIBLE:PARTS_01_EYE_001=1
VISIBLE:PARTS_01_EYE_BALL_001=1
VISIBLE:PARTS_01_BROW_001=1
VISIBLE:PARTS_01_MOUTH_001=1
VISIBLE:PARTS_01_NOSE_001=1
VISIBLE:PARTS_01_EAR_001=1
VISIBLE:PARTS_01_HAIR_FRONT_001=1
VISIBLE:PARTS_01_HAIR_SIDE_001=1
VISIBLE:PARTS_01_HAIR_BACK_001=1
VISIBLE:PARTS_01_NECK=1
VISIBLE:PARTS_01_BODY=1
VISIBLE:PARTS_01_CAT=1
VISIBLE:PARTS_01_HAMMER=1
LAYOUT:X=540
LAYOUT:Y=960
LAYOUT:SCALE_X=1
LAYOUT:SCALE_Y=1